"speOsNum" "tyyppi" "maakunta" "spe1Rat" "spe2Rat" "spe3Rat" "spe4Rat" "spe5Rat" "spe6Rat" "spe7Rat" "spe8Rat" "spe9Rat" "spe10Rat" "spe11Rat" "spe12Rat" "spe13Rat" "spe14Rat" "spe15Rat" "spe16Rat" "spe17Rat" "spe18Rat" "spe19Rat" "spe20Rat" "spe21Rat" "spe22Rat" "spe23Rat" "spe24Rat" "spe25Rat" "spe26Rat" "spe27Rat" "spe28Rat" "spe29Rat" "spe30Rat" "spe31Rat"
"1" 2 "MetsaHarvaTaimikko" 0 0.0126984126984127 0.0698412698412699 0 0.0926984126984127 0 0 0 0 0 0 0 0 0 0 0 0 0 0 0 0 0 0 0 0 0 0 0 0 0 0 0
"2" 3 "MetsaHarvaTaimikko" 0 0 0.0308641975308642 0.370370370370371 0 0 0 0 0.111111111111111 0.0555555555555555 0 0 0 0 0 0 0 0 0 0 0 0 0 0 0 0 0 0 0 0 0 0
"3" 30 "MetsaHarvaTaimikko" 0 0 0 0 0 0 0 0 0 0 0 0 0 0 0 0 0 0 0 0 0 0 0 0 0 0 0 0 0 0 0 0
"4" 1 "MetsaKeskim" 0 0.0930761402233899 0.00397864798274774 0.00136658694909463 0.000455528983031545 0 0 0.000284705614394715 0.000455528983031545 0 0 0 0 0 0 0 0 0 0.000740234597426261 0 0 0 0 0 0 0 0 0 0 0 0 0
"5" 2 "MetsaKeskim" 0 0.00260233125508268 0.143426402819192 0 0.00455407969639469 0 0 0 0.00151802656546489 0 0 0 0 0 0 0 0 0 0 0 0 0 0 0 0 0 0 0 0 0 0 0
"6" 3 "MetsaKeskim" 0 0 0 0.0940850773350953 0 0 0 0 0 0 0 0 0 0 0 0 0 0 0 0 0 0 0 0 0 0 0 0 0 0 0 0
"7" 4 "MetsaKeskim" 0 0 0.00622542595019659 0 0.111642031940197 0 0 0 0.00436871996505024 0 0 0 0 0 0 0 0 0 0 0 0 0 0 0 0 0 0 0 0 0 0 0
"8" 5 "MetsaKeskim" 0 0 0 0 0 0.0914689175558741 0 0 0.00780379041248606 0 0 0 0 0 0 0 0 0 0 0 0 0 0 0 0 0 0 0 0 0 0 0
"9" 7 "MetsaKeskim" 0 0 0 0 0.0271411338962606 0 0 0.153177862629049 0 0 0 0 0 0 0 0 0 0 0 0 0 0 0 0 0.00402090872537194 0 0 0 0 0 0 0
"10" 8 "MetsaKeskim" 0 0 0 0 0 0 0 0 0.857142857142857 0 0 0 0 0 0 0 0 0 0 0 0 0 0 0 0 0 0 0 0 0 0 0
"11" 9 "MetsaKeskim" 0 0 0 0 0 0 0 0 0 0 0 0 0 0 0 0 0 0 0 0 0 0 0 0 0 0 0 0 0 0 0 0
"12" 26 "MetsaKeskim" 0 0 0 0 0 0 0 0 0 0 0 0 0 0 0 0 0 0 0 0 0 0 0 0 0 0 0.113207547169811 0 0 0 0 0
"13" 27 "MetsaKeskim" 0 0 0 0 0 0 0 0 0 0 0 0 0 0 0 0 0 0 0 0 0 0 0 0 0 0 0 0 0 0 0 0
"14" 30 "MetsaKeskim" 0 0 0 0 0 0 0 0 0 0 0 0 0 0 0 0 0 0 0 0 0 0 0 0 0 0 0 0 0 0 0.0986547085201793 0
"15" 1 "MetsaVart" 0 0.0963683779165411 0.00154633605873669 0.00173288513154135 0.000432409446967118 4.30700318718236e-05 0 0.00073321601877033 0.00013399565471234 0.000507350703830572 0 0 0 0 0 0 0 0 0.000522993244157858 0 0 0 0 0 0 0 0 0 8.6140063743647e-05 0 0 0
"16" 2 "MetsaVart" 0 0.00126015822687813 0.107636830672095 0.00268278850041442 0.000921801456038185 0 0 0.00165860692969883 0.000468988158049009 0.000591993672962548 0 0 0 0 0 0 0 0 0.000237285675203368 0 0 0 0 0 0 0 0 0 0 0 0 0
"17" 3 "MetsaVart" 0 0.000814625924261365 0.000691211449714368 0.109943826155702 0.00595322802523599 0 0 0.00142308239647076 0 0 0 0 0 0 0 0 0 0 0.000853849437882454 0 0 0 0 0 0 0 0 0 0 0.000284616479294151 0 0
"18" 4 "MetsaVart" 0 0 0.0008030193527664 0.00908173036817333 0.12199758347023 0 0 0 0 0 0 0 0 0 0 0 0 0 0 0 0 0 0 0 0 0 0 0 0 0 0 0
"19" 5 "MetsaVart" 0 0.00139201136664048 0.00103842159916926 0.00276912426445136 0.00103842159916926 0.135215702202676 0 0.00224679677267102 0.00230760355370947 0.00237118909453917 0 0 0 0 0 0 0 0 0 0 0 0 0 0 0 0 0 0 0 0.00103842159916927 0.00103842159916926 0
"20" 6 "MetsaVart" 0 0 0 0 0 0 0 0 0 0 0 0 0 0 0 0 0 0 0 0 0 0 0 0 0 0 0 0 0 0 0 0
"21" 7 "MetsaVart" 0 0 0 0 0.000357525920629245 0.000510751315184637 0.000357525920629246 0.10062077702517 0.00485639375521392 0.00071505184125849 0 0 0 0 0 0 0 0 0 0 0 0 0 0 0 0 0.00131092837564057 0 0 0 0.00143010368251698 0
"22" 9 "MetsaVart" 0 0 0 0 0 0 0 0 0 0.186859553948162 0 0 0 0 0 0 0 0 0 0 0 0 0 0 0 0 0 0 0 0 0 0
"23" 18 "MetsaVart" 0 0 0 0 0 0 0 0 0 0 0 0 0 0 0 0 0 0 0 0 0 0 0 0 0 0 0 0 0 0 0 0
"24" 26 "MetsaVart" 0 0 0 0 0 0 0 0 0 0 0 0 0 0 0 0 0 0 0 0 0 0 0 0 0 0 0.0740120650919071 0 0 0.0051107325383305 0 0
"25" 27 "MetsaVart" 0 0 0 0 0 0.0196078431372549 0 0 0 0 0 0 0 0 0 0 0 0 0 0 0 0 0 0 0 0 0 0.140583704799377 0 0 0 0
"26" 29 "MetsaVart" 0 0 0 0 0.00904977375565609 0 0 0 0 0 0 0 0 0 0 0 0 0 0 0 0 0 0 0 0 0 0.0090497737556561 0 0 0.0785118263238593 0 0
"27" 30 "MetsaVart" 0 0 0 0.0228571428571429 0 0 0 0.0457142857142857 0 0.0228571428571428 0 0 0 0 0 0 0 0 0 0 0 0 0 0 0 0 0 0 0 0 0.308571428571428 0
"28" 1 "MetsaHarvaTaimikko" 1 0.108108108108108 0.027027027027027 0 0 0 0 0 0 0 0 0 0 0 0 0 0 0 0 0 0 0 0 0 0 0 0 0 0 0 0 0
"29" 2 "MetsaHarvaTaimikko" 1 0.0017908323709359 0.0671486471114547 0.0132521595449257 0.00613999670035167 0 0 0 0 0.00613999670035167 0 0 0 0 0 0 0 0 0 0 0 0 0 0 0 0 0 0 0 0 0 0
"30" 5 "MetsaHarvaTaimikko" 1 0 0 0 0.363636363636363 0.181818181818182 0 0 0 0 0 0 0 0 0 0 0 0 0 0 0 0 0 0 0 0 0 0 0 0 0 0
"31" 1 "MetsaKeskim" 1 0.0850124751665337 0.0038179276654413 0.000652267726191365 0.00213777268077582 0.000294026567934684 0.000104301672087608 0 0 0.000113296617708616 0 0 0 0 0 0 0 0 0 0 0 3.91131270328529e-05 0 0 0 0 0 3.49187938360562e-05 0 0 0 0
"32" 2 "MetsaKeskim" 1 0.00144076808771602 0.121629409997583 0 0.00167164549248225 0.00105629630818084 0.000481582732010485 0 0.000123825592035722 0 0 0 0 0 0 0 0 0 0 0 0 0 0 0 0 0 0 9.9492333728829e-05 0 0 0 0
"33" 3 "MetsaKeskim" 1 0.000407897621596284 0.00131910832495371 0.0946631271097831 0.00681056136306776 0.00163159048638513 0 0 0.00150036662384006 0 0 0 0 0 0 0 0 0 0 0 0 0 0 0 0 0 0 0 0 0 0 0
"34" 4 "MetsaKeskim" 1 0.000945203649347334 0.00145767871803484 0.0018186702718584 0.102100683650186 0.000201180137017053 0.000389726601696814 0.000466032870910202 0.000335300228361755 0.000307469210207093 0 0 0 0 0 0 0 0 0 0 0 0 0 0 0 0 0 0 0 0 0 0
"35" 5 "MetsaKeskim" 1 0 0 0.00424714385160026 0.00142718913294403 0.0996768570126125 0 0 0.0050965726219203 0.00142718913294403 0 0 0 0 0 0 0 0 0 0 0 0 0 0 0 0 0 0 0.00158576570327114 0 0 0
"36" 6 "MetsaKeskim" 1 0.00133252547197493 0 0.00266505094394985 0.00666262735987463 0 0.10033450683321 0 0 0.00266505094394985 0 0 0 0 0 0 0 0 0 0 0 0 0 0 0 0 0 0 0 0 0 0
"37" 7 "MetsaKeskim" 1 0 0 0 0.0057445566084393 0 0.0161565654612356 0.120435115754728 0 0 0 0 0 0 0 0 0 0 0 0 0 0 0 0 0 0 0 0 0 0 0 0
"38" 8 "MetsaKeskim" 1 0 0 0 0 0 0 0 0.221004307181057 0 0 0 0 0 0 0 0 0 0 0 0 0 0 0 0 0 0 0 0 0 0 0
"39" 9 "MetsaKeskim" 1 0 0 0 0 0 0.070742291285852 0 0.0217668588571852 0.146926297286 0 0 0 0 0 0 0 0 0 0 0 0 0 0 0 0 0 0 0.108834294285926 0 0 0
"40" 28 "MetsaKeskim" 1 0 0 0 0 0 0 0 0 0 0 0 0 0 0 0 0 0 0 0 0 0 0 0 0 0 0 0 0.309587728985476 0 0 0
"41" 30 "MetsaKeskim" 1 0 0 0 0 0 0 0 0 0 0 0 0 0 0 0 0 0 0 0 0 0 0 0 0 0 0 0 0 0 2.17687074829932 0
"42" 1 "MetsaVart" 1 0.0913747704958302 0.00251706481068455 0.000957441356688522 0.00165279373321436 0.000568482795534909 0.000102339479570204 0.000248491552054079 0.000112509858826691 0.000102187571325653 0 0 0 0 1.31196042567836e-05 0 0 0 0.000360372621688317 0 0 0 0 0 0 0 0 1.31196042567836e-05 0 5.62268753862153e-05 0 0
"43" 2 "MetsaVart" 1 0.00115695642782285 0.10763433895231 0.00063916738990671 0.000825483050848988 0.000688661139898729 0.000114531802867465 0.000800546531249904 0.00014089556539303 0.000230142064634988 0 0 0 0 0 0 0 0 6.65182127903066e-05 0 0 0 0 0 0 0 0 7.45302104093072e-05 0 0 0 0
"44" 3 "MetsaVart" 1 0 0.000228897320535645 0.0885311504529206 0.0105015838116082 0.000302855111312621 0 0.000194692571558113 0 0.000987369470044718 0 0 0 0 0 0 0 0 0 0 0 0 0 0 0 0 0 0 0 0 0.000108162539754507 0
"45" 4 "MetsaVart" 1 0.00073861881662243 0.00149080468886269 0.00331852056217764 0.110317474603927 0.000160014299514535 0.000194303077981935 0.000311448956600426 8.00071497572673e-05 7.14275073286237e-05 0 0 0 0 0 0 0 0 0 0 0 0 0 0 0 0 0 0 0 0 0 0
"46" 5 "MetsaVart" 1 0 0.00161023036338628 0.00203856922458113 0.00460193614170952 0.108335122203431 0.0036227151960889 0.000821460449332964 0.00265947820471548 0.00581792926660081 0 0 0 0 0 0 0 0 0 0 0 0 0 0 0 0 0 0.000287511157266538 0 0 0 0
"47" 6 "MetsaVart" 1 0 0 0.00465206168900987 0.00232603084450493 0 0.132834919656278 0 0.0117244178446626 0 0 0 0 0 0 0 0 0 0 0 0 0 0 0 0 0 0 0 0.00418685552010888 0 0 0
"48" 7 "MetsaVart" 1 0 0.000687789744628593 0.000962905642480032 0 0.00116924256586861 0.000481452821240016 0.161403827027016 0.000534947579155573 0.000481452821240016 0 0 0 0 0 0 0 0 0 0 0 0 0 0 0 0 0 0 0 0 0 0
"49" 8 "MetsaVart" 1 0 0 0 0 0 0 0 0.209302325581395 0 0 0 0 0 0 0 0 0 0 0 0 0 0 0 0 0 0 0 0 0 0 0
"50" 9 "MetsaVart" 1 0 0 0 0 0 0 0 0 0.0998659190108782 0 0 0 0 0 0 0 0 0 0 0 0 0 0 0 0 0 0 0.0476190476190476 0 0 0
"51" 15 "MetsaVart" 1 0 0 0 0 0 0 0 0 0 0 0 0 0 0 0.113580231161558 0 0 0 0 0 0 0 0 0 0 0 0 0 0 0 0
"52" 24 "MetsaVart" 1 0 0 0 0 0 0 0 0 0 0 0 0 0 0 0 0 0 0 0 0 0 0 0 0.0909090909090909 0 0 0 0 0 0 0
"53" 28 "MetsaVart" 1 0 0 0 0 0 0 0 0 0 0 0 0 0 0 0 0 0 0 0 0 0 0 0 0 0 0 0 0.192307692307693 0 0 0
"54" 29 "MetsaVart" 1 0 0 0 0 0 0 0 0 0 0 0 0 0 0 0 0 0 0 0 0 0 0 0 0 0 0 0 0 0.64 0 0
"55" 30 "MetsaVart" 1 0 0 0 0 0 0 0 0 0 0 0 0 0 0 0 0 0 0 0 0 0 0 0 0 0 0 0 0.186915887850467 0.0623052959501556 0 0
"56" 1 "MetsaHarvaTaimikko" 2 0 0.0952380952380951 0 0.142857142857143 0 0 0 0 0.0476190476190476 0 0 0 0 0 0 0 0 0 0 0 0 0 0 0 0 0 0 0 0 0 0
"57" 2 "MetsaHarvaTaimikko" 2 0 0.0936795920787383 0.00426894343649946 0.0064034151547492 0 0 0 0 0 0 0 0 0 0 0 0 0 0 0 0 0 0 0 0 0 0 0 0 0 0 0
"58" 4 "MetsaHarvaTaimikko" 2 0 0.0317460317460317 0 0.111111111111111 0 0 0 0 0 0 0 0 0 0 0 0 0 0 0 0 0 0 0 0 0 0 0 0 0 0 0
"59" 1 "MetsaKeskim" 2 0.0830797937537869 0.0027685223073076 0.00127082944789147 0.00159140739751016 0.000596850263653327 0.000368827018736413 8.35080042422066e-05 0.000288102614635613 0.000185109409403558 0 0 0 0 0 0 0 0 0.000185921292778135 0 0 0 0 0 0 0 0 0 0 0 0 0
"60" 2 "MetsaKeskim" 2 0.000490918016691212 0.129521315971979 0.000319096710849288 0.00161301634055684 0.00127326990360864 0 0.000196367206676485 0.000109092892598047 0.000196367206676485 0 0 0 0 0 0 0 0 0 0 0 0 0 0 0 0 0 0 0 0 0 0
"61" 3 "MetsaKeskim" 2 0.00235504686543262 0.00113042249540766 0.0854594173090711 0.0155092919682435 0 0.00113042249540766 0 0 0.00107154632377184 0 0 0 0 0 0 0 0 0 0 0 0 0 0 0 0 0 0 0 0 0 0
"62" 4 "MetsaKeskim" 2 0 0.00167179350006687 0.00367794570014712 0.114836822339832 0.000534973920021399 0.000401230440016049 0.000191062114293357 0 0.000534973920021399 0 0 0 0 0 0 0 0 0 0 0 0 0 0 0 0 0 0 0 0 0 0
"63" 5 "MetsaKeskim" 2 0 0 0 0 0.162950458371433 0 0 0.0128836369604464 0 0 0 0 0 0 0 0 0 0 0 0 0 0 0 0 0 0 0 0 0 0 0
"64" 6 "MetsaKeskim" 2 0 0 0 0 0 0.0797619047619048 0 0 0 0 0 0 0 0 0 0 0 0 0 0 0 0 0 0 0 0 0 0.0714285714285714 0 0 0
"65" 7 "MetsaKeskim" 2 0 0 0 0 0.0169491525423729 0 0.101694915254237 0 0 0 0 0 0 0 0 0 0 0 0 0 0 0 0 0 0 0 0 0 0 0 0
"66" 11 "MetsaKeskim" 2 0 0 0 0 0 0 0 0 0 0 0.102941176470588 0 0 0 0 0 0 0 0 0 0 0 0 0 0 0 0 0 0 0 0
"67" 1 "MetsaVart" 2 0.089578890816278 0.00187749732920637 0.000711996406238073 0.00130358848866548 0.000545505613133738 5.315751028552e-05 0.000342316036062788 9.82955685883106e-05 0.000104372856536072 0 0 0 0 0 0 0 0 0.000130242446690938 0 0 0 0 0 0 0 0 5.62721108754951e-05 0 0 0 0
"68" 2 "MetsaVart" 2 0.00113814069136857 0.107367761103378 0.000221497537973 0.00154537651068072 0.00104680290787306 0.000170411633945715 0.000224729827852006 6.25414734771151e-05 0.000248781930379524 0 0 0 0 0 0 0 0 1.81718567003724e-05 0 0 0 0 0 0 0 0 0 0 0 0 0
"69" 3 "MetsaVart" 2 0.000343977526801582 0.00045863670240211 0.0825785009743778 0.0151660577511662 0.000288472533054144 0.000163798822286467 0.000242058259601113 0 0.000307122791787127 0 0 0 0 0 0 0 0 0 0 0 0 0 0 0 0 0 0 0 0 0 0
"70" 4 "MetsaVart" 2 6.42859438783708e-05 0.000421430076535987 0.00432395371770533 0.11261825747448 0 0 6.4285943878371e-05 0.000257143775513484 0 0 0 0 0 0 0 0 0 0 0 0 0 0 0 0 0 0 0 0 0 0 0
"71" 5 "MetsaVart" 2 0 0.000724506429994565 0.00102229791872791 0.0045540404171087 0.103868321945568 0.00378353357886051 0 0.00302883938094951 0.00658951635850058 0 0 0 0 0 0 0 0 0 0 0 0 0 0 0 0 0 0 0 0 0 0
"72" 6 "MetsaVart" 2 0 0 0 0.00345901072293324 0 0.128329297820823 0 0 0.0115684691955878 0 0 0 0 0 0 0 0 0 0 0 0 0 0 0 0 0 0 0 0 0 0
"73" 7 "MetsaVart" 2 0 0.00242718446601942 0 0.00194174757281553 0 0.0058252427184466 0.193080374015928 0.00707350901525658 0 0 0 0 0 0 0 0 0 0 0 0 0 0 0 0 0 0 0 0 0 0 0
"74" 9 "MetsaVart" 2 0 0 0 0 0 0.0223713646532438 0.00671140939597316 0 0.21850841036876 0 0 0 0 0 0 0 0 0 0 0 0 0 0 0 0 0 0 0 0 0 0
"75" 15 "MetsaVart" 2 0 0 0 0 0 0 0 0 0 0 0 0 0 0 0.258620689655172 0 0 0 0 0 0 0 0 0 0 0 0 0 0 0 0
"76" 24 "MetsaVart" 2 0 0 0 0 0 0 0 0 0 0 0 0 0 0 0 0 0 0 0 0 0 0 0 0 0 0 0 0 0 0 0
"77" 27 "MetsaVart" 2 0 0 0 0 0 0 0 0 0 0 0 0 0 0 0 0 0 0 0 0 0 0 0 0 0 0 0.061298020578265 0 0.00457665903890159 0 0
"78" 30 "MetsaVart" 2 0 0 0 0 0 0 0 0 0 0 0 0 0 0 0 0 0 0 0 0 0 0 0 0 0 0 0.161425561018297 0 0.0224971878515185 0 0
"79" 2 "MetsaHarvaTaimikko" 3 0.00519673348181143 0.10651536041291 0.00742390497401633 0.0089086859688196 0.00148478099480327 0 0 0.00296956198960653 0 0 0 0 0 0 0 0 0 0 0 0 0 0 0 0 0 0 0 0 0 0 0
"80" 4 "MetsaHarvaTaimikko" 3 0 0 0 0.181818181818182 0 0.0181818181818182 0 0 0 0 0 0 0 0 0 0 0 0 0 0 0 0 0 0 0 0 0 0 0 0 0
"81" 7 "MetsaHarvaTaimikko" 3 0 0 0 0 0.166666666666667 0 0.583333333333333 0 0 0 0 0 0 0 0 0 0 0 0 0 0 0 0 0 0 0 0 0 0 0 0
"82" 8 "MetsaHarvaTaimikko" 3 0 0 0 0 0 0 0 0.158730158730159 0 0 0 0 0 0 0 0 0 0 0 0 0 0 0 0 0 0 0 0 0 0 0
"83" 1 "MetsaKeskim" 3 0.07665490422039 0.00383395917525004 0.000558423546050216 0.00219033831882429 0.000355084537434104 0.000163885171123433 0 0.00038825177444718 0.000634296310459212 0 0 0 0 0 0 0 0 5.46283903744775e-05 0 0 0 0 0 0 0 0 0 0 0 0 0
"84" 2 "MetsaKeskim" 3 0.00240265056737751 0.106373036095507 0.000357041772916177 0.00180526724841855 0.000535622737950401 0.002540928682379 0.000382587669964572 0.000557484890519805 0.000482060464155361 0 0 0 0 0 0 0 0 0.000114776300989372 0 0 0 0 0 0 0 0 0 0 0 0 0
"85" 3 "MetsaKeskim" 3 0 0.00496064092412316 0.0830318650664265 0.0179129942742593 0.000652103032279099 0.000527892930892605 0.000217367677426367 0.00351842363580218 0.000527892930892605 0 0 0 0 0 0 0 0 0 0 0 0 0 0 0 0 0 0 0 0 0 0
"86" 4 "MetsaKeskim" 3 0.00131975867269985 0.00136689291101056 0.0050800234623764 0.111054250760133 0.000754147812971343 0.000188536953242836 0 0.000188536953242835 0.000188536953242836 0 0 0 0 0 0 0 0 0 0 0 0 0 0 0 0 0 0 0 0 0 0
"87" 5 "MetsaKeskim" 3 0.00350569675723049 0 0 0.00175284837861524 0.101616515726945 0.00720615444541825 0 0.0114908949264777 0 0 0 0 0 0 0 0 0 0 0 0 0 0 0 0.00525854513584575 0 0 0 0 0 0 0
"88" 6 "MetsaKeskim" 3 0 0.0034460299744698 0 0.00596239842284945 0.001346348030966 0.094743900028316 0.00269269606193201 0.00673174015483002 0.0123735795226876 0 0 0 0 0 0 0 0 0 0 0 0 0 0 0 0 0 0 0 0 0 0
"89" 7 "MetsaKeskim" 3 0 0 0 0 0 0.0303030303030302 0 0 0 0 0 0 0 0 0 0 0 0 0 0 0 0 0 0 0 0 0 0 0 0 0
"90" 8 "MetsaKeskim" 3 0 0.0205479452054795 0 0 0 0 0 0.181126331811263 0 0 0 0 0 0 0 0 0 0 0 0 0 0 0 0 0 0 0 0 0 0 0
"91" 9 "MetsaKeskim" 3 0 0 0 0 0.0161904761904762 0.0333333333333333 0 0.0133333333333333 0.308677248677249 0 0 0 0 0 0 0 0 0 0 0 0 0 0 0 0 0 0 0.019047619047619 0.00666666666666666 0.04 0
"92" 14 "MetsaKeskim" 3 0 0.133333333333333 0 0 0 0 0 0 0 0 0 0 0 0 0 0 0 0 0 0 0 0 0 0 0 0 0 0 0 0 0
"93" 15 "MetsaKeskim" 3 0 0 0 0 0 0 0 0 0 0 0 0 0 0 0.064516129032258 0 0 0 0 0 0 0 0 0 0 0 0 0 0 0 0
"94" 18 "MetsaKeskim" 3 0 0 0 0 0 0 0 0 0 0 0 0 0 0 0 0 0 0.4 0 0 0 0 0 0 0 0 0 0 0 0 0
"95" 24 "MetsaKeskim" 3 0 0 0 0 0 0 0 0 0 0 0 0 0 0 0 0 0 0 0 0 0 0 0 0 0 0 0 0 0 0 0
"96" 28 "MetsaKeskim" 3 0 0 0 0 0 0 0 0 0 0 0 0 0 0 0 0 0 0 0 0 0 0 0 0 0 0 0 0.137931034482759 0 0 0
"97" 30 "MetsaKeskim" 3 0 0 0 0 0 0 0 0 0 0 0 0 0 0 0 0 0 0 0 0 0 0 0 0 0 0 0 0 0 0.025 0
"98" 1 "MetsaVart" 3 0.0898244479054449 0.00328097922529625 0.00143446212574784 0.00165463834587304 0.000677271001746313 0.000405239267320741 0.000500357794533012 0.000232037829493718 9.75122538520158e-05 0 0 0 0 3.4208845684771e-05 0 0 0 0.000249448495242504 0 0 0 0 0 0 0 0 0 0 2.63038835053608e-05 4.50923717234756e-05 0
"99" 2 "MetsaVart" 3 0.00179513020004286 0.0953342807896568 0.0012048831120982 0.00202975831497115 0.00109653296658673 0.000984797048050111 0.000121759300846023 0.000366188315477101 0.000217227854125297 0 0 0 0 0 0 0 0 5.94803120167224e-05 0 0 0 0 0 0 0 0 0 1.69943748619207e-05 1.41619790516006e-05 0 0
"100" 3 "MetsaVart" 3 0.000758579733839606 0 0.0830632920257104 0.0212887994361494 0.000263445524368474 9.31012010054929e-05 0 0.000279303603016479 0.00106401372577706 0 0 0 0 0 0 0 0 0 0 0 0 0 0 0 0 0 0 0 0 0 0
"101" 4 "MetsaVart" 3 0.000190857906288768 0.00227049874397133 0.00840485022769437 0.11260765896522 0.000190857906288768 0.000190857906288768 0.000231756029064933 0.000572573718866304 0.000405573050863632 0 0 0 0 0 0 0 0 0 0 0 0 0 0 0 0 0 0 0 0 0 0
"102" 5 "MetsaVart" 3 0.000735151030292546 0.00158922355077948 0.00658039826136914 0.00450219944695501 0.145241247885904 0.00676050653347459 0.00306072683853825 0.00764941464199826 0.0044657606312723 0 0 0 0 0 0 0 0 0 0 0 0 0 0 0 0 0 0 0.00242167398214016 0 0 0
"103" 6 "MetsaVart" 3 0 0 0.000958313368471492 0.00095831336847149 0.00479156684235745 0.15407929662841 0 0.0117735642412212 0.0144507571436177 0 0 0 0 0 0 0 0 0 0 0 0 0 0 0 0 0 0 0.00684509548908208 0 0 0
"104" 7 "MetsaVart" 3 0 0 0 0 0.00313941876005668 0.00354924578527062 0.167203908278141 0.00354924578527063 0.0159716060337178 0 0 0 0 0 0 0 0 0 0 0 0 0 0 0 0 0 0 0 0 0 0
"105" 8 "MetsaVart" 3 0 0 0.012987012987013 0.012987012987013 0 0 0 0.346938775510204 0 0 0 0 0 0 0 0 0 0 0 0 0 0 0 0 0 0 0 0 0 0 0
"106" 9 "MetsaVart" 3 0 0 0 0 0 0 0 0 0.072252348028519 0 0 0 0 0 0 0 0 0 0 0 0 0 0 0 0 0 0 0 0 0 0
"107" 11 "MetsaVart" 3 0.0043859649122807 0 0 0 0 0 0 0 0 0 0.109649122807018 0 0 0 0 0 0 0 0 0 0 0 0 0 0 0 0 0 0 0 0
"108" 14 "MetsaVart" 3 0.00455279897993556 0 0 0 0 0.0136054421768707 0 0 0 0 0 0 0 0.0456147727696454 0 0 0 0 0 0 0 0 0 0 0 0 0 0 0 0 0
"109" 21 "MetsaVart" 3 0 0 0 0 0 0 0 0 0 0 0 0 0 0 0 0 0 0 0 0 0 0 0 0 0 0 0 0 0 0 0
"110" 24 "MetsaVart" 3 0 0 0.0186915887850467 0 0.0186915887850467 0 0 0 0 0 0 0 0 0 0 0 0 0 0 0 0 0 0 0.0848008627657633 0 0 0 0 0 0 0
"111" 26 "MetsaVart" 3 0 0 0 0 0 0 0 0 0 0 0 0 0 0 0 0 0 0 0 0 0 0 0 0 0 0 0 0 0 0 0
"112" 27 "MetsaVart" 3 0 0 0 0 0 0 0 0 0 0 0 0 0 0 0 0 0 0 0 0 0 0 0 0 0 0 0 0 0 0 0
"113" 28 "MetsaVart" 3 0 0 0 0 0 0 0 0 0 0 0 0 0 0 0 0 0 0 0 0 0 0 0 0 0 0 0 0.488888888888889 0 0 0
"114" 29 "MetsaVart" 3 0 0 0.32 0.16 0 0 0 0 0 0 0 0 0 0 0 0 0 0 0 0 0 0 0 0 0 0 0 0 0 0 0
"115" 30 "MetsaVart" 3 0 0 0 0 0 0 0 0 0 0 0 0 0 0 0 0 0 0 0 0 0 0 0 0 0 0 0 0 0 0 0
"116" 2 "MetsaHarvaTaimikko" 4 0 0.193435566316922 0 0.00605326876513317 0.00538068334678504 0.0302663438256658 0 0 0 0 0 0 0 0 0 0 0 0 0 0 0 0 0 0 0 0 0 0 0 0 0
"117" 1 "MetsaKeskim" 4 0.0855981062229603 0.00277501872873857 0.00118446616892566 0.00142928721286997 0.000377283915129085 0.000107795404322596 0 3.59318014408652e-05 0.00051202817053233 0 0 0 0 0 0 0 0 7.18636028817306e-05 0 0 0 0 0 0 0 0 0 0 0 0 0
"118" 2 "MetsaKeskim" 4 0.0010369613888998 0.105279076161672 0.000157115361954515 0.00162658042779022 0.000340416617568116 0.000247456695078361 0.000562123850548376 0.000659884520208964 0.000549903766840802 0 0 0 0 0 0 0 0 0.00031423072390903 0 0 0 0 0 0 0 0 0 0.000219961506736321 0 0 0
"119" 3 "MetsaKeskim" 4 0.000875018229546449 0.00184726070682028 0.0725443354143952 0.017202904690144 0.000875018229546449 0.000291672743182149 0 0.00204170920227505 0.00029167274318215 0 0 0 0 0 0 0 0 0 0 0 0 0 0 0 0 0 0 0 0 0 0
"120" 4 "MetsaKeskim" 4 0.000302343159486016 0.00120937263794407 0.00537858882530084 0.126044703595724 0.000302343159486016 0.00161249685059209 0 0 0.00090702947845805 0 0 0 0 0 0 0 0 0 0 0 0 0 0 0 0 0 0 0 0 0 0
"121" 5 "MetsaKeskim" 4 0.00199004975124378 0.00221116639027087 0 0 0.0740740740740741 0.00398009950248756 0 0.00199004975124378 0.0099502487562189 0 0 0 0 0 0 0 0 0 0 0 0 0 0 0 0 0 0 0.00248756218905472 0 0 0
"122" 6 "MetsaKeskim" 4 0 0.00164975666089252 0 0.00164975666089252 0.0153427369463004 0.117409646362876 0 0.00890868596881959 0.00296956198960653 0 0 0 0 0 0 0 0 0 0 0 0 0 0 0 0 0 0 0.0044543429844098 0 0 0
"123" 7 "MetsaKeskim" 4 0.027027027027027 0 0 0 0 0 0.135135135135135 0 0 0 0 0 0 0 0 0 0 0 0 0 0 0 0 0 0 0 0 0 0 0 0
"124" 8 "MetsaKeskim" 4 0 0 0 0 0 0 0 0.207182320441989 0 0 0 0 0 0 0 0 0 0 0 0 0 0 0 0 0 0 0 0 0 0 0
"125" 9 "MetsaKeskim" 4 0 0 0 0 0 0.0122699386503068 0 0 0.102249488752556 0 0 0 0 0 0 0 0 0 0 0 0 0 0 0 0 0 0 0 0 0 0
"126" 11 "MetsaKeskim" 4 0 0.0138888888888889 0 0 0 0 0 0 0 0 0.0624999999999999 0 0 0 0 0 0 0 0 0 0 0 0 0 0 0 0 0 0 0 0
"127" 28 "MetsaKeskim" 4 0 0 0 0 0 0 0 0 0 0 0 0 0 0 0 0 0 0 0 0 0 0 0 0 0 0 0 1.33333333333333 0 0 0
"128" 1 "MetsaVart" 4 0.0928188404375207 0.00293831184011506 0.00144300623764945 0.00120591560882354 0.000367670788856351 0.000377575629594549 0.000131992825135573 0.000152641111020317 0.000155814015470692 0 0 0 0 0 0 0 0 3.69033194535849e-05 0 0 0 0 0 0 0 0 0 0 0 0 0
"129" 2 "MetsaVart" 4 0.00153289886032994 0.0997544765558706 0.000633035987148935 0.00208778893592849 0.000783409556410938 0.000554969535714848 0.000197217805031763 0.000173619311015599 0.000492431597490086 0 0 0 0 0 0 0 0 0.000164810270766157 0 0 0 0 0 0 0 0 0 0 0 0 0
"130" 3 "MetsaVart" 4 0.000461408837196174 0.0002674869600107 0.103096339703035 0.0149458338905978 0.00188726910674216 0.00129285364005171 0 0.000601845660024074 0 0 0 0 0 0 0 0 0 0 0 0 0 0 0 0 0 0 0 0 0 0 0
"131" 4 "MetsaVart" 4 0.0010466907052021 0.000516428894196631 0.00898282561655784 0.117778728869558 0.000156607600574967 0.00206161693476909 0 0.000614796302615037 0.000129107223549157 0 0 0 0 0 0 0 0 0 0 0 0 0 0 0 0 0 0 0.000430357411830525 0 0 0
"132" 5 "MetsaVart" 4 0.00176418700382241 0.000588062334607468 0.00117612466921494 0.0114345453951452 0.116817997198533 0.00756313502564605 0 0.00432879218530498 0.00470449867685975 0 0 0 0 0 0 0 0 0 0 0 0 0 0 0 0 0 0 0.00176418700382241 0 0 0
"133" 6 "MetsaVart" 4 0 0.0046262365749468 0.00243605359317905 0 0.0059161301548634 0.248960810471164 0 0 0.0292326431181486 0 0 0 0 0 0 0 0 0 0 0 0.0341047503045067 0 0 0 0 0 0 0.00243605359317905 0 0 0
"134" 7 "MetsaVart" 4 0 0.003003003003003 0 0.00643500643500644 0 0.00333667000333667 0.123800491770207 0 0.00531483864817198 0 0 0 0 0 0 0 0 0 0 0 0 0 0 0 0 0 0 0.0015015015015015 0 0 0
"135" 8 "MetsaVart" 4 0 0 0 0 0 0 0 0.210526315789474 0 0 0 0 0 0 0 0 0 0 0 0 0 0 0 0 0 0 0 0 0 0 0
"136" 9 "MetsaVart" 4 0 0 0 0 0 0 0 0.0952380952380953 0.571428571428571 0 0 0 0 0 0 0 0 0 0 0 0 0 0 0 0 0 0 0 0 0 0
"137" 11 "MetsaVart" 4 0 0 0 0 0 0 0 0 0 0 0.0705882352941176 0 0 0 0 0 0 0 0 0 0 0 0 0 0 0 0 0 0 0 0
"138" 14 "MetsaVart" 4 0 0 0 0 0.0118343195266272 0 0 0 0 0 0 0 0 0.101773432995137 0 0 0 0.0059171597633136 0 0 0 0 0 0 0 0 0 0 0 0 0
"139" 15 "MetsaVart" 4 0 0 0 0 0 0 0 0 0 0 0 0 0 0 0.499999999999999 0 0 0 0 0 0 0 0 0 0 0 0 0 0 0 0
"140" 29 "MetsaVart" 4 0 0 0 0 0 0 0 0 0 0 0 0 0 0 0 0 0 0 0 0 0 0 0 0 0 0 0 0 0.153846153846154 0 0
"141" 30 "MetsaVart" 4 0 0 0 0 0 0 0 0 0 0 0 0 0 0 0 0 0 0 0 0 0 0 0 0 0 0 0 0 0 0 0
"142" 1 "MetsaHarvaTaimikko" 5 0.277777777777778 0.416666666666667 0 0 0 0 0 0 0 0 0 0 0 0 0 0 0 0 0 0 0 0 0 0 0 0 0 0 0 0 0
"143" 2 "MetsaHarvaTaimikko" 5 0 0.116820040899796 0.00383435582822087 0.0199386503067485 0 0 0 0 0 0 0 0 0 0 0 0 0 0 0 0 0 0 0 0 0 0 0 0 0 0 0
"144" 4 "MetsaHarvaTaimikko" 5 0 0 0 0 0 0 0 0 0 0 0 0 0 0 0 0 0 0 0 0 0 0 0 0 0 0 0 0 0 0 0
"145" 1 "MetsaKeskim" 5 0.0793384663375655 0.00386100743946662 0.000381320991243917 0.00170601422645065 0.000344777729583041 0.000203900807817928 0 6.67311734676853e-05 0.000247858644308546 0 0 0 0 0 0 0 0 3.33655867338427e-05 0 0 0 0 0 0 0 0 0 0 0 0 0
"146" 2 "MetsaKeskim" 5 0.00126588673822248 0.117235021431815 0.000323098955604457 0.000696409235390687 0.000362394774529324 0.000789035094285015 0.000471549827098397 0.000314366551398931 0.000190865406206494 0 0 0 0 0 0 0 0 0 0 0 0 0 0 0 0 0 0 0 0 0 0
"147" 3 "MetsaKeskim" 5 0.00033006568307093 0.00052810509291349 0.0807796465782405 0.0229073442757966 0.000282913442632226 0.00109707546087386 0 0.000530462704935425 0 0 0 0 0 0 0 0 0 0 0 0 0 0 0 0 0 0 0 0 0 0 0
"148" 4 "MetsaKeskim" 5 0.00133219145494338 0.00152250451993529 0.00874760409444965 0.105678881442513 0.000211458961102124 0.00285469597487868 0 0.000380626129983823 0 0 0 0 0 0 0 0 0 0 0 0 0 0 0 0 0 0 0 0 0 0 0
"149" 5 "MetsaKeskim" 5 0 0.00373221366923257 0.00199940017994602 0 0.0622313306008197 0 0 0.00821975629533362 0.00816421740144623 0 0 0 0 0 0 0 0 0 0 0 0 0 0 0 0 0 0 0 0.00139958012596221 0 0
"150" 6 "MetsaKeskim" 5 0 0.00201207243460765 0.00201207243460764 0 0 0.157524512152279 0 0.00223563603845294 0 0 0 0 0 0 0 0 0 0 0 0 0 0 0 0 0 0 0 0 0 0 0
"151" 7 "MetsaKeskim" 5 0 0 0 0 0.206896551724138 0 0.137931034482759 0 0 0 0 0 0 0 0 0 0 0 0 0 0 0 0 0 0 0 0 0 0 0 0
"152" 9 "MetsaKeskim" 5 0 0 0 0 0 0 0 0 0.313725490196078 0 0 0 0 0 0 0 0 0 0 0 0 0 0 0 0 0 0 0 0 0 0
"153" 14 "MetsaKeskim" 5 0 0 0 0 0 0 0 0 0 0 0 0 0 0.08 0 0 0 0 0 0 0 0 0 0 0 0 0 0 0 0 0
"154" 28 "MetsaKeskim" 5 0 0 0 0 0 0 0 0 0 0 0 0 0 0 0 0 0 0 0 0 0 0 0 0 0 0 0 1.42857142857143 0 0 0
"155" 1 "MetsaVart" 5 0.0855987295206394 0.00352034088658466 0.000821350036298705 0.00134530688077161 0.000526205129934761 0.000282013650017048 0.000158196997876308 0.000164083171536527 7.74445327856955e-05 0 0 0 0 1.62796603071566e-05 0 0 0 1.22588079535146e-05 0 0 0 0 0 0 0 0 0 0 0 0 0
"156" 2 "MetsaVart" 5 0.00133297604273924 0.102517112004573 0.000691174276035168 0.00144258298979735 0.00115027672163999 0.00105435355480592 0.000138537048765041 0.000422971067253163 0.000111465607612297 0 0 0 0 0 0 0 0 0 0 0 0 0 0 0 0 0 0 0 0 0 0
"157" 3 "MetsaVart" 5 0.000175430902153414 0.00121098168352379 0.0835143797320919 0.0243393975706878 0.000643246641229186 0.00246960180740751 0.000109644313845884 0.000213023238329146 0.000385981498389566 0 0 0 0 0 0 0 0 0 0 0 0 0 0 0 0 0 0 0 0 0 0
"158" 4 "MetsaVart" 5 0.000488338477165293 0.00174499615840398 0.00924966939818662 0.113929721262935 0.000364626062950085 0.000111620223352067 0 0.000156268312692894 0.000711888980045404 0 0 0 0 0 0 0 0 0 0 0 0 0 0 0 0 0 0 0 0 0.000173631458547659 0
"159" 5 "MetsaVart" 5 0 0 0.000412967169110056 0.0046802945832473 0.09203705654148 0.00326932342212128 0.000506044857573949 0.0067107164980384 0.000516208961387569 0 0 0 0 0 0 0 0 0 0 0 0 0 0 0.00495560602932067 0 0 0 0.00247780301466033 0 0 0
"160" 6 "MetsaVart" 5 0.00411522633744856 0.00411522633744856 0.00987654320987655 0 0.00740740740740741 0.145414462081129 0 0.0123456790123457 0.00493827160493827 0 0 0 0 0 0 0 0 0 0 0 0 0 0 0 0 0 0 0.00246913580246914 0 0 0
"161" 7 "MetsaVart" 5 0 0 0 0 0 0.00574877838459328 0.0990706141611574 0.00402414486921529 0 0 0 0 0 0 0 0 0 0 0 0 0 0 0 0 0 0 0 0 0 0 0
"162" 8 "MetsaVart" 5 0 0 0 0 0 0 0 0.196078431372549 0 0 0 0 0 0 0 0 0 0 0 0 0 0 0 0 0 0 0 0 0 0 0
"163" 9 "MetsaVart" 5 0 0 0 0 0 0 0 0 0.0294117647058823 0 0 0 0 0 0 0 0 0 0 0 0 0 0 0 0 0 0 0 0 0 0
"164" 11 "MetsaVart" 5 0.00341296928327645 0 0 0.0136518771331058 0 0 0 0 0 0 0.105422828972317 0 0 0 0 0 0 0 0 0 0 0 0 0 0 0 0 0 0 0 0
"165" 14 "MetsaVart" 5 0 0.0130718954248366 0 0 0 0 0 0 0 0 0 0 0 0.0718954248366013 0 0 0 0 0 0 0 0 0 0 0 0 0 0 0 0 0
"166" 15 "MetsaVart" 5 0 0 0 0 0 0 0 0 0 0 0 0 0 0 0.0320512820512821 0 0 0 0 0 0 0 0 0 0 0 0 0 0 0 0
"167" 28 "MetsaVart" 5 0 0 0 0 0 0 0 0 0 0 0 0 0 0 0 0 0 0 0 0 0 0 0 0 0 0 0 0.32 0 0 0
"168" 29 "MetsaVart" 5 0 0 0 0 0 0 0 0.153846153846154 0.165500939465153 0 0 0 0 0 0 0 0 0 0 0 0 0 0 0 0 0 0 0 0.153846153846154 0 0
"169" 1 "MetsaHarvaTaimikko" 6 0.218068535825545 0 0 0.0934579439252337 0 0 0 0 0 0 0 0 0 0 0 0 0 0 0 0 0 0 0 0 0 0 0 0 0 0 0
"170" 2 "MetsaHarvaTaimikko" 6 0.0102406554019457 0.0904591227171872 0 0.014336917562724 0.00398247710075667 0.00512032770097287 0 0 0 0 0 0 0 0 0 0 0 0.00398247710075667 0 0 0 0 0 0 0 0 0 0 0 0 0
"171" 3 "MetsaHarvaTaimikko" 6 0.102040816326531 0 0.204081632653061 0 0 0 0.102040816326531 0.0340136054421769 0 0 0 0 0 0 0 0 0 0 0 0 0 0 0 0 0 0 0 0 0 0 0
"172" 6 "MetsaHarvaTaimikko" 6 0 0 0 0 0 0.0196078431372549 0 0 0 0 0 0 0 0 0 0 0 0 0 0 0 0 0 0 0 0 0 0 0 0 0
"173" 1 "MetsaKeskim" 6 0.0826043810678143 0.00320187895696663 0.00129052618056196 0.00134386755699289 0.000280763684669614 0.000453168971144456 0.000148573886184584 7.03771039821711e-05 0.000234590346607237 0 0 0 0 2.93237933259047e-05 0 0 0 7.03771039821711e-05 0 0 0 0 0 0 0 0 0 0 0 0 0
"174" 2 "MetsaKeskim" 6 0.000986946832219038 0.10277300222859 0.000241961158866603 0.00150020466639378 0.000687679083094556 0.0017956064947469 0.000343839541547278 0.000517351162050302 0.0004075135307227 0 0 0 0 0 0 0 0 0 0 0 0 0 0 0 0 0 0 0 0 0 0
"175" 3 "MetsaKeskim" 6 0.00108516266136143 0.00362223277241476 0.0891621053830264 0.00861222264925383 0.00134808015801844 0.000817639921928575 0.00067990129708756 0.000591983025912445 0 0 0 0 0 0 0 0 0 0 0 0 0 0 0 0 0 0 0 0 0 0 0
"176" 4 "MetsaKeskim" 6 0.000536527543826813 0.00108553247239379 0.00511884708965001 0.116757573326916 0.000364963503649635 0.00119782893505521 0.00212650285642986 0 0.000112296462661426 0 0 0 0 0 0 0 0 0 0 0 0 0 0 0 0 0 0 0 0 0 0
"177" 5 "MetsaKeskim" 6 0 0 0 0.0031994880819069 0.0764823773065265 0.0121580547112462 0 0.00223964165733482 0.0127979523276276 0 0 0 0 0 0 0 0 0 0 0 0 0 0 0 0 0 0 0.00223964165733483 0 0 0
"178" 6 "MetsaKeskim" 6 0.000773245698820801 0.0023197370964624 0 0.00258208831570517 0.0055415941748824 0.110847225674212 0 0.00661554653435573 0.00557841539863577 0 0 0 0 0 0 0 0 0 0 0 0 0 0 0 0 0 0 0.00204357791831211 0 0 0
"179" 7 "MetsaKeskim" 6 0 0 0 0 0 0 0.0977596741344196 0 0 0 0 0 0 0 0 0 0 0 0 0 0 0 0 0 0 0 0 0 0 0 0
"180" 8 "MetsaKeskim" 6 0 0 0.0106951871657754 0.0213903743315508 0.0133689839572193 0 0 0.157754010695187 0 0 0 0 0 0 0 0 0 0 0 0 0 0 0 0 0 0 0 0 0 0 0
"181" 9 "MetsaKeskim" 6 0 0 0 0 0 0.025062656641604 0 0 0 0 0 0 0 0 0 0 0 0 0 0 0 0 0 0 0 0 0 0 0 0 0
"182" 1 "MetsaVart" 6 0.0966853692950741 0.00292419875760762 0.00180743599468289 0.00190076881625925 0.000542400839734804 0.00042003407108603 0.000491955769184643 0.000280093677745659 0.000120070560614557 0 0 0 0 0 0 0 0 0.000108787334173827 0 0 0 0 0 0 0 0 0 0 0 0 0
"183" 2 "MetsaVart" 6 0.00209753373673042 0.10127767599171 0.000770891437800498 0.00146055973833508 0.00108568119425473 0.00132089781419983 4.33114398251237e-05 0.000234876603645489 0.000145058949255573 0 0 0 0 1.01909270176761e-05 0 0 0 0 0 0 1.45584671681088e-05 0 0 0 0 0 0 0 0 0 0
"184" 3 "MetsaVart" 6 0.000152218585889337 0.00036967370858839 0.0959591790466011 0.021334252089565 0.000508120692462551 0.00039957378795951 0.000329806936093564 0.000380546464723343 0.000190273232361671 0 0 0 0 0 0 0 0 0 0 0 0 0 0 0 0 0 0 7.61092929446685e-05 0 0 0
"185" 4 "MetsaVart" 6 0.000268037336024218 0.000141902119071645 0.00678069133671759 0.110669616878789 0.000206604049537736 0.00116224592763442 0.000252270433905146 0 6.30676084762865e-05 0 0 0 0 0 0 0 0 0 0 0 0 0 0 0 0 0 0 6.30676084762866e-05 0 0 0
"186" 5 "MetsaVart" 6 0.00129482375163757 0.00201078512019011 0.00054839594187003 0.00434185234212389 0.105866356380048 0.00791257001841043 0.00243731529720013 0.00684457794016193 0.00121865764860007 0 0 0 0 0 0 0 0 0 0 0 0 0 0 0 0 0 0 0 0 0 0
"187" 6 "MetsaVart" 6 0 0.0018510900863842 0 0.00452488687782805 0.00848405938356361 0.134062016414958 0.0125234242881302 0.00918689153983271 0.00255953197129668 0 0 0 0 0 0 0 0 0 0 0 0.000914118561177385 0 0 0 0 0 0 0.00329082682023859 0 0 0
"188" 7 "MetsaVart" 6 0 0 0 0 0.00481811611659841 0 0.177994411569782 0 0.00903396771862202 0 0 0 0 0 0 0 0 0 0 0 0 0 0 0 0 0 0 0 0 0 0
"189" 8 "MetsaVart" 6 0 0 0 0 0 0 0 0 0 0 0 0 0 0 0 0 0 0 0 0 0 0 0 0 0 0 0 0 0 0 0
"190" 9 "MetsaVart" 6 0 0 0 0 0 0 0 0 0.266355140186916 0 0 0 0 0 0 0 0 0 0 0 0 0 0 0 0 0 0 0 0 0 0
"191" 14 "MetsaVart" 6 0 0 0 0 0 0 0 0 0 0 0 0 0 0.219813598977849 0 0 0 0 0 0 0 0 0 0 0 0 0 0 0 0 0
"192" 15 "MetsaVart" 6 0 0 0 0 0 0 0 0 0 0 0 0 0 0 0.114285714285714 0 0 0 0 0 0 0 0 0 0 0 0 0 0 0 0
"193" 2 "MetsaHarvaTaimikko" 7 0 0.0598290598290599 0 0.0170940170940171 0 0 0 0 0 0 0 0 0 0 0 0 0 0 0 0 0 0 0 0 0 0 0 0 0 0 0
"194" 5 "MetsaHarvaTaimikko" 7 0 0 0 0.2 0 0 0 0 0 0 0 0 0 0 0 0 0 0 0 0 0 0 0 0 0 0 0 0 0 0 0
"195" 1 "MetsaKeskim" 7 0.0887744314723451 0.00277658695732167 0.000146961917900436 0.0022816910056823 0.000227553937394223 7.11106054356947e-05 0 0.000111970985066999 4.58268346141143e-05 0 0 0 0 0 0 0 0 4.26663632614168e-05 0 0 0 0 0 0 0 0 0 0 0 1.42221210871389e-05 0
"196" 2 "MetsaKeskim" 7 0.000496709300881659 0.13757083877147 0.000496709300881659 0.00024835465044083 0.000496709300881659 0.00024835465044083 0 0 0 0 0 0 0 0 0 0 0 0 0 0 0 0 0 0 0 0 0 0 0 0 0
"197" 3 "MetsaKeskim" 7 0 0 0.0946431606808966 0.0112187659357471 0.00101988781234064 0.00101988781234064 0 0 0.00203977562468129 0 0 0 0 0 0 0 0 0 0 0 0 0 0 0 0 0 0 0 0 0 0
"198" 4 "MetsaKeskim" 7 0.000518208784532361 0.000508281413181166 0.00172140619229715 0.115128292838167 0.000142954147457203 0 0 0 0 0 0 0 0 0 0 0 0 0 0 0 0 0 0 0 0 0 0 0 0 0 0
"199" 5 "MetsaKeskim" 7 0 0 0 0.00547945205479452 0.116779009929695 0.00182648401826484 0 0.00182648401826484 0.00405885337392186 0 0 0 0 0 0 0 0 0 0 0 0 0 0 0 0 0 0 0 0 0 0
"200" 6 "MetsaKeskim" 7 0 0.0147239263803681 0 0.00736196319018405 0.00490797546012271 0.0783912747102931 0 0.00306748466257668 0.00245398773006136 0 0 0 0 0 0 0 0 0 0 0 0 0 0 0 0 0 0 0 0 0 0
"201" 7 "MetsaKeskim" 7 0 0 0 0 0 0.0833333333333333 0.25 0 0.25 0 0 0 0 0 0 0 0 0 0 0 0 0 0 0 0 0 0 0 0 0 0
"202" 9 "MetsaKeskim" 7 0 0 0 0 0 0 0 0 0 0 0 0 0 0 0 0 0 0 0 0 0 0 0 0 0 0 0 0 0 0 0
"203" 14 "MetsaKeskim" 7 0 0 0 0 0 0 0 0 0 0 0 0 0 0.0923076923076923 0 0 0 0 0 0 0 0 0 0 0 0 0 0 0 0 0
"204" 1 "MetsaVart" 7 0.0907433421859675 0.0024985132514951 0.000408008325112731 0.00277036065576151 0.000559137768072548 0.000101310553317718 0 1.62096885308348e-05 5.87601209242765e-05 0 0 0 0 8.10484426541744e-06 0 0 0 0 0 0 0 0 0 0 0 0 0 0 0 0 0
"205" 2 "MetsaVart" 7 0.00147129391252675 0.107883287344249 0.000516703858359748 0.00203172416892431 0.00105503077558358 0.000414482661871421 0 2.55066253459336e-05 0.000257799106174972 0 0 0 0 0 0 0 0 0 0 0 0 0 0 0 0 0 0 0 0 0 0
"206" 3 "MetsaVart" 7 0 0.00361631113713391 0.0827541044743629 0.0141112369524626 0.000428540818512963 0 0 0.000428540818512964 0 0 0 0 0 0 0 0 0 0 0 0 0 0 0 0 0 0 0 0 0 0 0
"207" 4 "MetsaVart" 7 5.12452598134673e-05 0.000274562926857697 0.0026739044495527 0.11477922307882 0.000204981039253869 5.6939177570519e-05 0 0.000153735779440402 0.000159429697197454 0 0 0 0 0 0 0 0 0 0 0 0 0 0 0 0 0 0 0 0 0 0
"208" 5 "MetsaVart" 7 0 0.000631911532385466 0 0.0062288422477996 0.112623706065184 0.0139722661049675 0 0.0028436018957346 0.00331753554502369 0 0 0 0 0 0 0 0 0 0 0 0 0 0 0 0 0 0 0 0 0.000631911532385466 0
"209" 6 "MetsaVart" 7 0 0 0 0 0 0.230769230769231 0 0 0 0 0 0 0 0 0 0 0 0 0 0 0 0 0 0 0 0 0 0 0 0 0
"210" 9 "MetsaVart" 7 0 0 0 0 0 0 0 0 0 0 0 0 0 0 0 0 0 0 0 0 0 0 0 0 0 0 0 0 0 0 0
"211" 11 "MetsaVart" 7 0 0 0 0 0 0 0 0 0 0 0 0 0 0 0 0 0 0 0 0 0 0 0 0 0 0 0 0 0 0 0
"212" 2 "MetsaHarvaTaimikko" 8 0 0.140540540540541 0.0054054054054054 0.009009009009009 0 0 0 0 0 0 0 0 0 0 0 0 0 0 0 0 0 0 0 0 0 0 0 0 0 0 0
"213" 4 "MetsaHarvaTaimikko" 8 0.0555555555555554 0.0555555555555556 0 0.111111111111111 0 0 0 0 0 0 0 0 0 0 0 0 0 0 0 0 0 0 0 0 0 0 0 0 0 0 0
"214" 9 "MetsaHarvaTaimikko" 8 0 0 0 2 0.666666666666666 0 0 0 0 0 0 0 0 0 0 0 0 0 0 0 0 0 0 0 0 0 0 0 0 0 0
"215" 1 "MetsaKeskim" 8 0.0842715333434318 0.00436688676820256 0.000786363803281097 0.00212993851386708 0.000583389563652721 0.000615879786462493 1.80740312319259e-05 0.000188486325704371 0.000135053177816336 0 0 0 0 0 0 0 0 3.61480624638519e-05 0 0 0 0 0 0 0 0 0 0 0 1.80740312319259e-05 0
"216" 2 "MetsaKeskim" 8 0.00207932988420793 0.121811142786753 0.000363214021750607 0.00176961250131982 0.00156794425087108 0.00266075388026607 0 0.000126702565726956 8.86917960088692e-05 0 0 0 0 0 0 0.000177383592017738 0 0 0 0 0 0 0 0 0 0 0 0 0 0 0
"217" 3 "MetsaKeskim" 8 0 0.000894794532805405 0.0855098677728031 0.0183060048169772 0.000268438359841621 0.00138054013632834 0 0.000432484024189279 0.000134219179920811 0 0 0 0 0 0 0 0 0 0 0 0 0 0 0 0 0 0 0 0 0 0
"218" 4 "MetsaKeskim" 8 0 0.00140219267880148 0.00435166602886375 0.120556436794704 0 0.00159499417213668 0 0.000552113367278081 0.00012269185939513 0 0 0 0 0 0 0 0 0 0 0 0 0 0 0 0 0 0 0 0 0 0
"219" 5 "MetsaKeskim" 8 0 0 0 0.0043859649122807 0.138401559454191 0.0175438596491228 0 0.00730994152046784 0.00219298245614035 0 0 0 0 0 0 0 0 0 0 0 0 0 0 0 0 0 0 0 0 0 0
"220" 6 "MetsaKeskim" 8 0 0.00138600138600139 0.00415800415800416 0.0124740124740125 0.00346500346500346 0.136697136697137 0 0.00277200277200277 0.00831600831600832 0 0 0 0 0 0 0 0 0 0 0 0 0 0 0 0 0 0 0 0 0 0
"221" 7 "MetsaKeskim" 8 0 0 0 0 0 0 0 0 0 0 0 0 0 0 0 0 0 0 0 0 0 0 0 0 0 0 0 0 0 0 0
"222" 8 "MetsaKeskim" 8 0 0 0 0 0 0 0 0 0 0 0 0 0 0 0 0 0 0 0 0 0 0 0 0 0 0 0 0 0 0 0
"223" 9 "MetsaKeskim" 8 0 0 0 0 0 0 0 0 0 0 0 0 0 0 0 0 0 0 0 0 0 0 0 0 0 0 0 0 0 0 0
"224" 14 "MetsaKeskim" 8 0 0 0 0 0 0 0 0 0 0 0 0 0 0.0625 0 0 0 0 0 0 0 0 0 0 0 0 0 0 0 0 0
"225" 1 "MetsaVart" 8 0.0902806178401865 0.00333655595988667 0.00089197663639238 0.00237685226083136 0.000511821248375467 0.000734508712493897 2.16852002845098e-05 0.000153242082010536 0.000166459727898237 0 0 0 0 0 0 0 0 4.91531206448889e-05 0 0 0 0 0 0 0 0 0 0 0 0 0
"226" 2 "MetsaVart" 8 0.00126769506536981 0.105944392186499 0.00118460613099 0.001592290898229 0.00141447349108848 0.00115780249087232 0.000138390209481548 0.000334175259167624 0.000282463883549024 0 0 0 0 0 0 0 0 0 0 0 0 0 0 0 0 0 0 0 0 0 0
"227" 3 "MetsaVart" 8 0 0.000301041280285559 0.0821869849875461 0.0257344075053521 0.0003982230151516 0.00142380238175874 0 0.000480744493517244 9.67632686632153e-05 0 0 0 0 0 0 0 0 9.67632686632155e-05 0 0 0 0 0 0 0 0 0 0 0 0 0
"228" 4 "MetsaVart" 8 0 0.000329315682012777 0.00632286109464533 0.125841686898173 0.000411644602515972 0.00153680651605963 0.000176419115363988 0.000385769798929254 0.00087268655733386 0 0 0 0 0 0 0 0 0 0 0 0 0 0 0 0 0 0 0 0 0 0
"229" 5 "MetsaVart" 8 0 0 0.00210019689345876 0.00997593524392912 0.103878425399459 0.0117042222708379 0.00122511485451761 0.00542550864143514 0.00374340649991493 0 0 0 0 0 0 0 0 0 0 0 0 0 0 0 0 0 0 0.000875082038941151 0 0 0
"230" 6 "MetsaVart" 8 0 0 0 0.00826287981018336 0.00129785853341986 0.155310404499243 0 0 0.0229288340904175 0 0 0 0 0 0 0 0 0 0 0 0 0 0 0 0 0 0 0 0 0 0
"231" 7 "MetsaVart" 8 0 0 0 0 0 0 0.179297932454983 0 0 0 0 0 0 0 0 0 0 0 0 0 0 0 0 0 0 0 0 0 0 0 0
"232" 8 "MetsaVart" 8 0 0 0 0 0 0 0 0 0 0 0 0 0 0 0 0 0 0 0 0 0 0 0 0 0 0 0 0 0 0 0
"233" 9 "MetsaVart" 8 0 0 0 0 0 0 0 0 0.6 0 0 0 0 0 0 0 0 0 0 0 0 0 0 0 0 0 0 0 0 0 0
"234" 11 "MetsaVart" 8 0 0 0 0.0246913580246913 0 0 0 0 0 0 0.0740740740740741 0 0 0 0 0 0 0 0 0 0 0 0 0 0 0 0 0 0 0 0
"235" 1 "MetsaHarvaTaimikko" 9 0.111111111111111 0 0 0 0 0 0 0 0 0 0 0 0 0 0 0 0 0 0 0 0 0 0 0 0 0 0 0 0 0 0
"236" 2 "MetsaHarvaTaimikko" 9 0 0.125992063492064 0 0 0 0.0163690476190476 0 0 0 0 0 0 0 0 0 0 0 0 0 0 0 0 0 0 0 0 0 0 0 0 0
"237" 4 "MetsaHarvaTaimikko" 9 0 0 0 1 0 0 0 0 0 0 0 0 0 0 0 0 0 0 0 0 0 0 0 0 0 0 0 0 0 0 0
"238" 8 "MetsaHarvaTaimikko" 9 0 0 0 0 0 0 0 0.166666666666666 0 0 0 0 0 0 0 0 0 0 0 0 0 0 0 0 0 0 0 0 0 0 0
"239" 1 "MetsaKeskim" 9 0.0826751714792676 0.00410426919574752 0.000480733807544622 0.00249762437089183 0.000458992077555167 0.000943953443708849 4.34834599789105e-05 0.000307490181279439 0.000341224373445617 0 0.000152192109926187 0 0 0 0 0 0 2.17417299894553e-05 0 0 0 0 0 0 0 0 0 0 0 0 0
"240" 2 "MetsaKeskim" 9 0.000980196703880914 0.10575080278281 0.000260278220804536 0.000746223196881092 0.000498405103668262 0.00173670445052024 0.000166135034556087 0.001146331738437 0.000423644338118023 0 0 0 0 0 0 0 0 0 0 0 0 0 0 0 0 0 0 9.96810207336524e-05 0 9.96810207336523e-05 0
"241" 3 "MetsaKeskim" 9 0.000264096130991681 0.00221337709783504 0.0721763197994546 0.0122380260700609 0 0.00282121739932383 0 0.00158457678595009 0.00188640093565487 0 0 0 0 0 0 0 0 0 0 0 0 0 0 0 0 0 0 0 0 0 0
"242" 4 "MetsaKeskim" 9 0.000643419555372267 0.000655693349349271 0.00668621745671715 0.109956556224341 0.000374214340809983 0.000916443283616286 0 0.000137466492542443 0.00130593167915321 0 0 0 0 0 0 0 0 0 0 0 0 0 0 0 0 0 0 7.63702736346904e-05 0 6.87332462712214e-05 0
"243" 5 "MetsaKeskim" 9 0 0 0.00177147918511958 0.00531443755535872 0.103111492413075 0 0 0.0129908473575435 0.00354295837023915 0 0 0 0 0 0 0 0 0 0 0 0 0 0 0 0 0 0 0 0 0 0
"244" 6 "MetsaKeskim" 9 0 0.0006265664160401 0.0031328320802005 0.00366988900823487 0.00266290726817043 0.127235250825476 0.0012531328320802 0.014828738512949 0.00725026852846401 0 0 0 0 0 0 0 0 0 0 0 0 0 0 0 0 0 0 0 0 0 0
"245" 7 "MetsaKeskim" 9 0 0 0 0 0 0 0 0 0 0 0 0 0 0 0 0 0 0 0 0 0 0 0 0 0 0 0 0 0 0 0
"246" 8 "MetsaKeskim" 9 0 0 0 0 0 0 0 0.210526315789474 0 0 0 0 0 0 0 0 0 0 0 0 0 0 0 0 0 0 0 0 0 0 0
"247" 9 "MetsaKeskim" 9 0 0 0 0 0 0 0 0 0.0860215053763441 0 0 0 0 0 0 0 0 0 0 0 0 0 0 0 0 0 0 0 0 0.0955794504181601 0
"248" 11 "MetsaKeskim" 9 0.0025974025974026 0.0025974025974026 0.0025974025974026 0.0025974025974026 0 0 0 0 0 0 0.0805194805194805 0 0 0 0 0 0 0 0 0 0 0 0 0 0 0 0 0 0 0 0
"249" 30 "MetsaKeskim" 9 0 0 0 0 0 0 0 0 0 0 0 0 0 0 0 0 0 0 0 0 0 0 0 0 0 0 0 0 0 0.113960113960114 0
"250" 1 "MetsaVart" 9 0.0885879776864981 0.00317836570339847 0.000905494137935105 0.00165897398657943 0.000554592416717129 0.000671718703408059 4.41424230756969e-05 0.000116350707736559 0.000269577596067219 0 1.15013416933105e-05 0 0 0 0 0 0 4.95921049368941e-05 0 0 0 0 0 0 0 0 0 0 0 0 0
"251" 2 "MetsaVart" 9 0.0015861197574837 0.0996494370476843 0.00057877330831891 0.00147630373183886 0.000883903507012394 0.00121927598369499 2.50932139093161e-05 0.000318134390069254 0.000303209668070903 0 0 0 0 0 0 0 0 1.03324998450125e-05 0 0 0 0 0 0 0 0 0 0 0 0 0
"252" 3 "MetsaVart" 9 0.000505027549252811 0.00151920927360051 0.0821917774684963 0.0203084393958877 0.000191910468716068 0.00065906095177492 0 0.000227262397163765 0.00138341475098895 0 0 0 0 0 0 0 0 0 0 0 0 0 0 0 0 0 0 0 0 0 0
"253" 4 "MetsaVart" 9 0.000205689755714505 0.000506448185440553 0.00660102642765478 0.113104089033259 0.000997270694546798 0.0010901857449172 0 0.000159431361477397 0.000342113129836915 0 0 0 0 0 0 0 0 0 0 0 0 0 0 0 0 0 0 0 0 0 0
"254" 5 "MetsaVart" 9 0 0 0.00227511375568778 0.00556138918057014 0.130440317801526 0.0122506125306265 0.000700035001750089 0.00677533876693834 0.0071753587679384 0 0 0 0 0 0 0 0 0 0 0 0 0 0 0 0 0 0 0 0 0 0
"255" 6 "MetsaVart" 9 0 0.000639795265515036 0 0.00284353451340015 0.00219358376748012 0.12865470351075 0 0.0131158029430582 0.00568706902680031 0 0 0 0 0 0 0 0 0 0 0 0 0 0 0 0 0 0 0.000639795265515035 0 0.00106632544252506 0
"256" 7 "MetsaVart" 9 0 0 0 0.0347826086956522 0 0 0.0521739130434782 0 0 0 0 0 0 0 0 0 0 0 0 0 0 0 0 0 0 0 0 0 0 0 0
"257" 8 "MetsaVart" 9 0 0 0 0 0 0 0 0.5 0 0 0 0 0 0 0 0 0 0 0 0 0 0 0 0 0 0 0 0 0 0 0
"258" 9 "MetsaVart" 9 0 0 0 0 0 0 0 0 0.0745047372954349 0 0 0 0 0 0 0 0 0 0 0 0 0 0 0 0 0 0 0 0 0 0
"259" 11 "MetsaVart" 9 0 0 0 0 0 0 0 0 0 0 0 0 0 0 0 0 0 0 0 0 0 0 0 0 0 0 0 0 0 0 0
"260" 14 "MetsaVart" 9 0 0.00694444444444445 0 0 0 0 0 0 0 0 0 0 0 0.0902777777777777 0 0 0 0 0 0 0 0 0 0 0 0 0 0 0 0 0
"261" 1 "MetsaHarvaTaimikko" 10 0 0 0 0.078125 0 0 0 0 0 0 0 0 0 0 0 0 0 0 0 0 0 0 0 0 0 0 0 0 0 0 0
"262" 2 "MetsaHarvaTaimikko" 10 0 0.122222222222222 0.0138888888888889 0.0777777777777777 0 0 0 0 0 0 0 0 0 0 0 0 0 0 0 0 0 0 0 0 0 0 0 0 0 0 0
"263" 6 "MetsaHarvaTaimikko" 10 0 0 0 0 0 0 0 0 0 0 0 0 0 0 0 0 0 0 0 0 0 0 0 0 0 0 0 0 0 0 0
"264" 1 "MetsaKeskim" 10 0.0864213460143712 0.0022650365593013 0.000295446528671794 0.00130428702916453 0.00020177879886837 0.000444426898461934 1.34804499774203e-05 0.000227241871047941 0.000134376548981268 0 0 0 0 0 0 0 0 0 0 0 0 0 0 0 0 0 0 0 0 0 0
"265" 2 "MetsaKeskim" 10 0.000942649295266763 0.0981883887556245 7.05517144066601e-05 0.000876857021911347 0.000431149365818479 0.00173187660841111 0 0.000342679755689491 0.00028220685762664 0 0 0 0 0 0 0 0 0 0 0 0 0 0 0 0 0 0 0 0 0 0
"266" 3 "MetsaKeskim" 10 0.000274943483839433 0.00036659131178591 0.077100553669259 0.00932819717569519 0 0.00229459006265996 0 0.000122197103928637 0.000244394207857274 0 0 0 0 0 0 0 0 0 0 0 0 0 0 0 0 0 0 0 0 0 0
"267" 4 "MetsaKeskim" 10 0 0.000456341343324807 0.00782242260067673 0.0988916852662935 0.000152113781108269 0.000607311411793164 0 0 0.000264197619819625 0 0 0 0 0 0 0 0 0 0 0 0 0 0 0 0 0 0 0 0 0 0
"268" 5 "MetsaKeskim" 10 0 0.00169779286926995 0.00169779286926995 0.00509337860780985 0.149405772495756 0.0135823429541596 0 0.0135823429541596 0.00721561969439729 0 0 0 0 0 0 0 0 0 0 0 0 0 0 0 0 0 0 0 0 0 0
"269" 6 "MetsaKeskim" 10 0.00118483412322275 0.00177725118483413 0.000740521327014215 0.00598999473407056 0.000592417061611373 0.108224253366433 0 0.00414691943127962 0.008124576844956 0 0 0 0 0 0 0 0 0 0 0 0 0 0 0 0 0 0 0.00355450236966825 0 0.00296208530805687 0
"270" 7 "MetsaKeskim" 10 0 0 0 0 0 0 0.0714285714285714 0 0 0 0 0 0 0 0 0 0 0 0 0 0 0 0 0 0 0 0 0 0 0 0
"271" 8 "MetsaKeskim" 10 0 0 0 0 0 0 0 0.128865979381443 0 0 0 0 0 0 0 0 0 0 0 0 0 0 0 0 0 0 0 0 0 0 0
"272" 9 "MetsaKeskim" 10 0 0 0 0 0 0 0 0 0.0660377358490566 0 0 0 0 0 0 0 0 0 0 0 0 0 0 0 0 0 0 0 0 0 0
"273" 11 "MetsaKeskim" 10 0.00172117039586919 0.00344234079173838 0 0 0.00344234079173838 0 0 0 0 0 0.0929432013769363 0 0 0 0 0 0 0 0 0 0 0 0 0 0 0 0 0 0 0 0
"274" 14 "MetsaKeskim" 10 0.0259740259740259 0 0 0 0 0 0 0 0 0 0 0 0 0.025974025974026 0 0 0 0 0 0 0 0 0 0 0 0 0 0 0 0 0
"275" 28 "MetsaKeskim" 10 0 0 0 0 0 0 0 0 0 0 0 0 0 0 0 0 0 0 0 0 0 0 0 0 0 0 0 0 0 0 0
"276" 1 "MetsaVart" 10 0.0894054350296389 0.00215031357127047 0.000615098674935846 0.00139163673911109 0.000292774600802758 0.000381965850498788 0.000243947950605589 4.31132218059758e-05 0.000263188306755391 0 0 0 0 1.55652319414125e-05 0 0 0 0 0 0 0 0 0 0 0 0 0 0 0 0 0
"277" 2 "MetsaVart" 10 0.000804394549122507 0.100586237703286 0.000470998276768019 0.000754089890712281 0.000391044485592663 0.000408873226710039 0 0.000128934948669294 7.29820464165816e-05 0 0 0 0 0 0 0 0 0 0 0 0 0 0 0 0 0 0 0 0 0 0
"278" 3 "MetsaVart" 10 0.000452777132371778 0.000500437883147754 0.0907053683919096 0.0182189114450858 0.000271641592433385 0.00203484927618544 0 0.000444833673909115 0.000500437883147754 0 0 0 0 0 0 0 0 0 0 0 0 0 0 0 0 0 0 0 0 0 0
"279" 4 "MetsaVart" 10 8.90797174391363e-05 0.000561202219866558 0.00870348051807261 0.117450556155237 0.000369413148477135 0.000457275882854233 0 0 0 0 0 0 0 0 0 0 0 0 0 0 0 0 0 0 0 0 0 0 0 0 0
"280" 5 "MetsaVart" 10 0.00496918537976798 0.00337268128161889 0.00861561015007381 0.00674536256323777 0.115041904712775 0.0209186541395648 0 0.00505902192242833 0.00826949820834925 0 0 0 0 0 0 0 0 0 0 0 0 0 0 0 0 0 0 0 0 0 0
"281" 6 "MetsaVart" 10 0.00276400016917629 0 0 0.000911161731207289 0.0104215984077774 0.0948259030263586 0.00390497884803124 0.00736160827277001 0.00933940774487472 0 0 0 0 0 0 0 0 0 0 0 0 0 0 0 0 0 0 0.00101240192356365 0 0 0
"282" 7 "MetsaVart" 10 0 0 0 0 0 0 0.176 0 0 0 0 0 0 0 0 0 0 0 0 0 0 0 0 0 0 0 0 0 0 0 0
"283" 8 "MetsaVart" 10 0 0 0 0 0 0 0 0.0648148148148148 0 0 0 0 0 0 0 0 0 0 0 0 0 0 0 0 0 0 0 0 0 0 0
"284" 9 "MetsaVart" 10 0 0 0 0 0 0 0 0 0.0731707317073171 0 0 0 0 0 0 0 0 0 0 0 0 0 0 0 0 0 0 0 0 0 0
"285" 11 "MetsaVart" 10 0 0 0 0 0 0 0 0 0 0 0.0858676207513417 0 0 0 0 0 0 0 0 0 0 0 0 0 0 0 0 0 0 0 0
"286" 14 "MetsaVart" 10 0 0 0 0 0 0 0 0 0 0 0 0 0 0 0 0 0 0 0 0 0 0 0 0 0 0 0 0 0 0 0
"287" 1 "MetsaHarvaTaimikko" 11 0.234375 0 0 0 0 0 0 0 0 0 0 0 0 0 0 0 0 0 0 0 0 0 0 0 0 0 0 0 0 0 0
"288" 2 "MetsaHarvaTaimikko" 11 0 0.285714285714285 0 0 0 0 0 0 0 0 0 0 0 0 0 0 0 0 0 0 0 0 0 0 0 0 0 0 0 0 0
"289" 4 "MetsaHarvaTaimikko" 11 0 0.0151515151515151 0 0.106060606060606 0 0 0 0 0 0 0 0 0 0 0 0 0 0 0 0 0 0 0 0 0 0 0 0 0 0 0
"290" 1 "MetsaKeskim" 11 0.0886396210172494 0.00315911192021755 0.000322787884485812 0.00233494157482311 0.000260003789125211 0.000326420316548648 1.12178048999372e-05 6.3816845652976e-05 0.000197825099108416 0 0 0 0 0 0 0 0 0 0 0 0 0 0 0 0 0 0 0 0 8.97424391994976e-06 0
"291" 2 "MetsaKeskim" 11 0.00140515931535084 0.127321915149705 0 0.000225778937333802 0.000545632431890021 0 0 0.000150519291555868 0.000526817520445537 0 0 0 0 0 0 0 0 0 0 0 0 0 0 0 0 0 0 0 0 0 0
"292" 3 "MetsaKeskim" 11 0.00057581573896353 0.000575815738963532 0.0918174755506809 0.0139292569234988 0.000575815738963532 0 0 0 0 0 0 0 0 0 0 0 0 0 0 0 0 0 0 0 0 0 0 0 0 0 0
"293" 4 "MetsaKeskim" 11 0.000284709216986384 7.5922457863036e-05 0.00336408795435976 0.119269883021038 0.000227767373589108 0.000504342041518738 0 0.000303689831452143 0.000341651060383662 0 0 0 0 0 0 0 0 0 0 0 0 0 0 0 0 0 0 0 0 0 0
"294" 5 "MetsaKeskim" 11 0 0 0 0 0.0899441340782123 0.00167597765363128 0 0.00502793296089385 0 0 0 0 0 0 0 0 0 0 0 0 0 0 0 0 0 0 0 0 0 0 0
"295" 6 "MetsaKeskim" 11 0 0 0 0 0.00222882615156018 0.0936106983655275 0 0.00222882615156018 0.00445765230312036 0 0 0 0 0 0 0 0 0 0 0 0 0 0 0 0 0 0 0 0 0 0
"296" 8 "MetsaKeskim" 11 0 0 0 0 0.0334821428571429 0 0 0.267857142857143 0.0334821428571429 0 0 0 0 0 0 0 0 0 0 0 0 0 0 0 0 0 0 0 0 0 0
"297" 9 "MetsaKeskim" 11 0 0 0 0 0 0 0 0 0.290322580645161 0 0 0 0 0 0 0 0 0 0 0 0 0 0 0 0 0 0 0 0 0 0
"298" 11 "MetsaKeskim" 11 0 0.00285714285714286 0 0 0 0 0 0 0 0 0.0685714285714286 0 0 0 0 0 0 0 0 0 0 0 0 0 0 0 0 0 0 0 0
"299" 14 "MetsaKeskim" 11 0.00581395348837209 0 0 0 0 0 0 0 0 0 0 0 0 0.11046511627907 0 0 0 0 0 0 0 0 0 0 0 0 0 0 0 0 0
"300" 1 "MetsaVart" 11 0.0943286856523874 0.00229172071628062 0.000499115763811668 0.00178696305297933 0.000390219332745493 6.97995460444338e-05 0 8.61722790672023e-06 0.000323176822315961 0 0 0 0 0 0 0 0 0 0 0 0 0 0 0 0 0 0 0 0 0 0
"301" 2 "MetsaVart" 11 0.000965799850781866 0.110641037065763 0.000236497586263661 0.00127728006391846 0.000660587095725892 5.26075825062253e-05 0 5.26075825062252e-05 0.000252808660377138 0 0 0 0 0 0 0 0 0 0 0 0 0 0 0 0 0 0 0 0 0 0
"302" 3 "MetsaVart" 11 0 0 0.0863813700462794 0.0297116995077975 0 0 0 0 0 0 0 0 0 0 0 0 0 0 0 0 0 0 0 0 0 0 0 0 0 0 0
"303" 4 "MetsaVart" 11 4.4595076703532e-05 8.91901534070639e-05 0.00419005850442578 0.115856835383927 0.000267570460221192 8.91901534070639e-05 0 0.00022297538351766 0.000713521227256511 0 0 0 0 0 0 0 0 0 0 0 0 0 0 0 0 0 0 4.45950767035319e-05 0 0 0
"304" 5 "MetsaVart" 11 0 0 0 0.00549450549450549 0.0848839008192428 0.0054945054945055 0 0 0.0141304138753489 0 0 0 0 0 0 0 0 0 0 0 0 0 0 0 0 0 0 0 0 0 0
"305" 6 "MetsaVart" 11 0 0 0 0 0.0154028436018957 0.203213157300835 0 0.0114533965244866 0.0157977883096366 0 0 0 0 0 0 0 0 0 0 0 0 0 0 0 0 0 0 0 0 0 0
"306" 9 "MetsaVart" 11 0 0 0 0 0.0451956657245566 0 0 0 0.147212831036513 0 0 0 0 0 0 0 0 0 0 0 0 0 0 0 0 0 0 0 0 0 0
"307" 17 "MetsaVart" 11 0 0 0 0 0 0 0 0 0 0 0 0 0 0 0 0 0 0 0 0 0 0 0 0 0 0 0 0 0 0 0
"308" 1 "MetsaHarvaTaimikko" 12 0.0642857142857143 0 0 0 0 0 0 0 0 0 0 0 0 0 0 0 0 0 0 0 0 0 0 0 0 0 0 0 0 0 0
"309" 4 "MetsaHarvaTaimikko" 12 0 0 0 0.208333333333333 0 0 0 0 0 0 0 0 0 0 0 0 0 0 0 0 0 0 0 0 0 0 0 0 0 0 0
"310" 1 "MetsaKeskim" 12 0.0893209171534517 0.00271371621711904 5.64922673962574e-05 0.00228258428351784 0.00028833820980363 0.000375643688096542 0 0 2.56219443915942e-05 0 0 0 0 0 0 0 0 0 0 0 0 0 0 0 0 0 0 0 0 0 0
"311" 2 "MetsaKeskim" 12 0.00228348303694282 0.117626337564017 0.000246047931878328 0.00110721569345248 0.000464757204659064 0.000348567903494298 0 0.000738143795634984 0.000321229244396706 0 0 0 0 0 0 0 0 0 0 0 0 0 0 0 0 0 0 0 0 0 0
"312" 3 "MetsaKeskim" 12 0.00270643175546593 0 0.100386621339838 0.012630014858841 0 0 0 0 0 0 0 0 0 0 0 0 0 0 0 0 0 0 0 0 0 0 0 0 0 0 0
"313" 4 "MetsaKeskim" 12 0.000343193608566534 0.000530967777665185 0.00131268043935773 0.106275820996678 0.000474514683567759 0.000904168097850347 0 0.000105063198716543 0.00037729824165424 0 0 0 0 0 0 0 0 0 0 0 4.13477525100537e-05 0 0 0 0 0 0 0 0 0 0
"314" 5 "MetsaKeskim" 12 0 0.00101610254629975 0 0.00101610254629975 0.102932263498 0.00406441018519899 0 0.00101610254629975 0.00711271782409823 0 0 0 0 0 0 0 0 0 0 0 0 0 0 0 0 0 0 0 0 0 0
"315" 6 "MetsaKeskim" 12 0 0.00160684297774852 0 0 0.00535253620169761 0.122548557769621 0 0 0.00128547438219882 0 0 0 0 0 0 0 0 0 0 0 0 0 0 0 0 0 0 0.00514189752879527 0 0 0
"316" 8 "MetsaKeskim" 12 0 0 0 0 0 0 0 0.192307692307692 0 0 0 0 0 0 0 0 0 0 0 0 0 0 0 0 0 0 0 0 0 0 0
"317" 9 "MetsaKeskim" 12 0 0 0 0 0 0.0611620795107033 0 0 0.149464831804281 0 0 0 0 0 0 0 0 0 0 0 0 0 0 0 0 0 0 0 0 0 0
"318" 11 "MetsaKeskim" 12 0 0 0 0 0 0 0 0 0 0 0.0952380952380952 0 0 0 0 0 0 0 0 0 0 0 0 0 0 0 0 0 0 0 0
"319" 14 "MetsaKeskim" 12 0 0 0 0 0 0 0 0 0 0 0 0 0 0.166666666666667 0 0 0 0 0 0 0 0 0 0 0 0 0 0 0 0 0
"320" 30 "MetsaKeskim" 12 0 0 0 0 0 0 0 0 0 0 0 0 0 0 0 0 0 0 0 0 0 0 0 0 0 0 0 0 0 0 0
"321" 1 "MetsaVart" 12 0.0896512804531411 0.00277038167091559 0.000253241218266989 0.00265986634684806 0.000551462526254114 0.000184060770746547 0 1.4675977253431e-05 0.000145481182513657 0 0 0 0 0 0 0 0 0 0 0 0 0 0 0 0 0 0 0 0 5.50349147003662e-06 0
"322" 2 "MetsaVart" 12 0.00154207151792716 0.101644160488198 0.000220804483832772 0.00225832731192845 0.0011500867661239 0.000279156233741891 2.87954854289629e-05 0.000143977427144815 0.000438783999411018 0 0 0 0 0 0 0 0 0 0 0 0 0 0 0 0 0 0 0 0 0 0
"323" 3 "MetsaVart" 12 0 0 0.0843892486193832 0.029929588945736 0 0 0 0.00324679823005776 0 0 0 0 0 0 0 0 0 0 0 0 0 0 0 0 0 0 0 0 0 0 0
"324" 4 "MetsaVart" 12 0.000420408237559034 0.000292796968148198 0.00242098867446887 0.111849666280711 0.000745687791193611 0.000202051176567158 0 5.38803137512421e-05 0.000151006668802823 0 0 0 0 0 0 0 0 0 0 0 0 0 0 0 0 0 0 0 0 0 0
"325" 5 "MetsaVart" 12 0 0.000485590518662257 0 0.00550335921150558 0.100576905534685 0.00565105280562257 0 0.00198214666461885 0.0201680831901546 0 0 0 0 0 0 0 0 0 0 0 0 0 0 0 0 0 0 0 0 0 0
"326" 6 "MetsaVart" 12 0 0 0 0.00243902439024391 0.00744734906583594 0.160907859078591 0 0.00304878048780488 0.00758807588075879 0 0 0 0 0 0 0 0 0 0 0 0 0 0 0 0 0 0 0.0024390243902439 0 0 0
"327" 7 "MetsaVart" 12 0 0 0 0 0 0 0.0724637681159421 0 0 0 0 0 0 0 0 0 0 0 0 0 0 0 0 0 0 0 0 0 0 0 0
"328" 8 "MetsaVart" 12 0 0 0 0 0 0 0 0.222222222222222 0 0 0 0 0 0 0 0 0 0 0 0 0 0 0 0 0 0 0 0 0 0 0
"329" 9 "MetsaVart" 12 0 0 0 0 0 0 0 0 0.394736842105264 0 0 0 0 0 0 0 0 0 0 0 0 0 0 0 0 0 0 0 0 0 0
"330" 14 "MetsaVart" 12 0 0 0 0 0 0 0 0.0416666666666666 0 0 0 0 0 0.0972222222222222 0 0 0 0 0 0 0 0 0 0 0 0 0 0 0 0 0
"331" 1 "MetsaHarvaTaimikko" 13 0.0441176470588236 0.0330882352941176 0 0 0 0 0 0 0 0 0 0 0 0 0 0 0 0 0 0 0 0 0 0 0 0 0 0 0 0 0
"332" 2 "MetsaHarvaTaimikko" 13 0 0.229591836734694 0 0 0 0 0 0 0 0 0 0 0 0 0 0 0 0 0 0 0 0 0 0 0 0 0 0 0 0 0
"333" 4 "MetsaHarvaTaimikko" 13 0.0198237885462555 0.0358716173694147 0 0.160478288231592 0 0 0 0 0 0 0 0 0 0 0 0 0 0 0 0 0 0 0 0 0 0 0 0 0 0 0
"334" 1 "MetsaKeskim" 13 0.091943225806562 0.00279701340569391 0.000206732433926271 0.00188129203201046 0.000172821094681074 0.000132380958525702 0 0 0.000290339439064204 0 0 0 0 0 0 0 0 0 0 0 0 0 0 0 0 0 0 0 0 0 0
"335" 2 "MetsaKeskim" 13 0.00127860428989664 0.117387799594621 0 0.000215092310449901 0.000295751926868614 0.000227041883252674 0 0 0.000658720200752823 0 0 0 0 0 0 0 0 0 0 0 0 0 0 0 0 0 0 0 0 0 0
"336" 3 "MetsaKeskim" 13 0 0 0.0569285083848191 0.00132391879964696 0 0 0 0 0 0 0 0 0 0 0 0 0 0 0 0 0 0 0 0 0 0 0 0 0 0 0
"337" 4 "MetsaKeskim" 13 0.000372019400590031 0.000423433990542826 0.000697358864970934 0.122949044980961 0.000202323408450497 0.000373641411450138 0 6.6214933674708e-05 0.000466657627802705 0 0 0 0 0 0 0 0 0 0 0 0 0 0 0 0 0 0 0 0 0 0
"338" 5 "MetsaKeskim" 13 0.0017688679245283 0.0035377358490566 0.0035377358490566 0.0017688679245283 0.10308194696538 0.00589622641509434 0 0.00252695417789757 0 0 0 0 0 0 0 0 0 0 0 0 0 0 0 0 0 0 0 0 0 0 0
"339" 6 "MetsaKeskim" 13 0 0 0 0 0 0.0566037735849056 0 0 0 0 0 0 0 0 0 0 0 0 0 0 0 0 0 0 0 0 0 0 0 0 0
"340" 9 "MetsaKeskim" 13 0 0 0 0 0 0 0 0 0.132352941176471 0 0 0 0 0 0 0 0 0 0 0 0 0 0 0 0 0 0 0 0 0 0
"341" 11 "MetsaKeskim" 13 0 0 0 0 0 0 0 0 0 0 0 0 0 0 0 0 0 0 0 0 0 0 0 0 0 0 0 0 0 0 0
"342" 14 "MetsaKeskim" 13 0 0 0 0.0749999999999998 0 0 0 0 0 0 0 0 0 0.05 0 0 0 0 0 0 0 0 0 0 0 0 0 0 0 0 0
"343" 28 "MetsaKeskim" 13 0 0 0 0 0 0 0 0 0 0 0 0 0 0 0 0 0 0 0 0 0 0 0 0 0 0 0 0.06 0 0 0
"344" 1 "MetsaVart" 13 0.0947135803978672 0.00204861912660677 0.000390185850652699 0.00144165027327109 0.000269561833478465 2.79799749471609e-05 0 0 0.000311217909730533 0 0 0 0 0 0 0 0 0 0 0 0 0 0 0 0 0 0 0 0 0 0
"345" 2 "MetsaVart" 13 0.00139294587525282 0.104518599850365 0 0.000840440631016547 0.000384684581795995 0.000135070815699088 0 0 0.000862909900498468 0 0 0 0 0 0 0 0 0 0 0 0 0 0 0 0 0 0 0 0 0 0
"346" 3 "MetsaVart" 13 0.000520833333333333 0 0.100873524417361 0.0177423249605805 0.00111898396800052 0 0 0 0.000538185764028895 0 0 0 0 0 0 0 0 0 0 0 0 0 0 0 0 0 0 0 0 0 0
"347" 4 "MetsaVart" 13 0 4.60687960687961e-05 0.00186726427812761 0.119756355237663 0.000138206388206388 4.60687960687962e-05 0 0 0.000485781613076939 0 0 0 0 0 0 0 0 0 0 0 0 0 0 0 0 0 0 0 0 0 0
"348" 5 "MetsaVart" 13 0 0 0 0 0.0932500868281212 0.00132860938883968 0 0 0.0134337171538234 0 0 0 0 0 0 0 0 0 0 0 0 0 0 0 0 0 0 0 0 0 0
"349" 6 "MetsaVart" 13 0 0 0 0 0 0.0785340314136126 0 0 0.0087260034904014 0 0 0 0 0 0 0 0 0 0 0 0 0 0 0 0 0 0 0 0 0 0
"350" 9 "MetsaVart" 13 0 0 0 0 0 0 0 0 0.24512013348537 0 0 0 0 0 0 0 0 0 0 0 0 0 0 0 0 0 0 0 0 0 0
