"maakunta" "X1" "X2" "X3" "X4" "X5" "X6" "X7" "X8" "X9" "X0" "A1" "A2" "A3" "A4" "A5" "A6" "A7" "A8" "A9" "A0" "B1" "B2" "B3" "B4" "B5" "B6" "B7" "B8" "B9" "B0" "C1"
"DGMvek" 1 21.590707972201 17.9923054691083 24.0601711463841 14.9778301826783 18.384785663698 21.0316198559462 27.686242393153 13.469932947932 8.67981311397257 21.0316198559462 21.0316198559462 21.0316198559462 21.0316198559462 21.0316198559462 21.0316198559462 21.0316198559462 21.0316198559462 11.5476820069105 21.0316198559462 21.0316198559462 21.0316198559462 21.0316198559462 21.0316198559462 21.0316198559462 21.0316198559462 12.1438415336118 5.8 4.8052589803318 21.0316198559462 10.3740323313365 21.0316198559462
"DGMvek.1" 2 21.36166893703 16.0845530700605 15.032130793999 8.0472459330697 18.3282197328718 20.5867013036109 8.94856360627908 11.804344042483 7.4 20.5867013036109 20.5867013036109 20.5867013036109 20.5867013036109 20.5867013036109 20.5867013036109 20.5867013036109 20.5867013036109 7.22484073251765 20.5867013036109 20.5867013036109 20.5867013036109 20.5867013036109 20.5867013036109 20.5867013036109 20.5867013036109 20.5867013036109 20.5867013036109 20.5867013036109 12.4284232767667 20.5867013036109 20.5867013036109
"DGMvek.2" 4 12.1163998833438 13.7831716031898 11.972845513852 9.82007549229062 11.972845513852 11.972845513852 11.972845513852 11.972845513852 11.972845513852 11.972845513852 11.972845513852 11.972845513852 11.972845513852 11.972845513852 11.972845513852 11.972845513852 11.972845513852 11.972845513852 11.972845513852 11.972845513852 11.972845513852 11.972845513852 11.972845513852 11.972845513852 11.972845513852 11.972845513852 11.972845513852 11.972845513852 11.972845513852 11.972845513852 11.972845513852
"DGMvek.3" 5 10.0358007445462 5.06359300476947 9.91989715600749 9.07644607428631 9.91989715600749 9.91989715600749 9.39839848472636 9.91989715600749 9.91989715600749 9.91989715600749 9.91989715600749 9.91989715600749 9.91989715600749 9.91989715600749 9.91989715600749 9.91989715600749 9.91989715600749 9.91989715600749 9.91989715600749 9.91989715600749 9.91989715600749 9.91989715600749 9.91989715600749 9.91989715600749 9.91989715600749 9.91989715600749 9.91989715600749 9.91989715600749 9.91989715600749 9.91989715600749 9.91989715600749
"DGMvek.4" 6 13.5264458165335 13.4883956982855 15.6477743132888 10.1128927828069 10.7 12.799359142213 14.6 12.799359142213 12.799359142213 12.799359142213 12.799359142213 12.799359142213 12.799359142213 12.799359142213 12.799359142213 12.799359142213 12.799359142213 12.799359142213 12.799359142213 12.799359142213 9.39540026130132 12.799359142213 12.799359142213 12.799359142213 12.799359142213 12.799359142213 12.799359142213 12.799359142213 12.799359142213 12.799359142213 12.799359142213
"DGMvek.5" 7 16.2085994816037 1.4 10.1 10.2648706014455 14.8345966028597 14.8345966028597 14.8345966028597 14.8345966028597 9.91816513761468 14.8345966028597 14.8345966028597 14.8345966028597 14.8345966028597 14.8345966028597 14.8345966028597 14.8345966028597 14.8345966028597 14.8345966028597 14.8345966028597 14.8345966028597 14.8345966028597 14.8345966028597 14.8345966028597 14.8345966028597 14.8345966028597 14.8345966028597 14.8345966028597 14.8345966028597 14.8345966028597 14.8345966028597 14.8345966028597
"DGMvek.6" 8 15.788796612275 11.2181213809882 18.7240569276938 7.82243699272284 17.2744376562039 15.3746494789947 15.3746494789947 13.2 15.3746494789947 15.3746494789947 15.3746494789947 15.3746494789947 15.3746494789947 15.3746494789947 15.3746494789947 15.3746494789947 15.3746494789947 8.75542645665275 15.3746494789947 15.3746494789947 15.3746494789947 15.3746494789947 15.3746494789947 15.3746494789947 15.3746494789947 15.3746494789947 15.3746494789947 15.3746494789947 15.3746494789947 15.3746494789947 15.3746494789947
"DGMvek.7" 9 16.4413264375651 8.58728245116907 10.5862424139413 13.8168337912573 15.2437551404963 15.3473025352298 15.3473025352298 15.3473025352298 15.3473025352298 15.3473025352298 15.3473025352298 15.3473025352298 15.3473025352298 15.3473025352298 15.3473025352298 15.3473025352298 15.3473025352298 5.4619014693172 15.3473025352298 15.3473025352298 15.3473025352298 15.3473025352298 15.3473025352298 15.3473025352298 15.3473025352298 15.3473025352298 15.3473025352298 15.3473025352298 15.3473025352298 15.3473025352298 15.3473025352298
"DGMvek.8" 10 15.0049993883556 6.9479885945929 21.3898483261441 7.67674630991772 10.7657699481969 5.42966568794107 8.56939971670835 2.15 13.441813617656 13.441813617656 13.441813617656 13.441813617656 13.441813617656 13.441813617656 13.441813617656 13.441813617656 13.441813617656 13.441813617656 13.441813617656 13.441813617656 13.441813617656 13.441813617656 13.441813617656 13.441813617656 13.441813617656 13.441813617656 13.441813617656 13.441813617656 13.441813617656 13.441813617656 13.441813617656
"DGMvek.9" 11 12.3600709774692 11.2306858089766 12.000628818099 9.34281771580806 12.000628818099 8.42199606879601 16.7 12.000628818099 12.000628818099 12.000628818099 12.000628818099 12.000628818099 12.000628818099 12.000628818099 12.000628818099 12.000628818099 12.000628818099 12.000628818099 12.000628818099 12.000628818099 12.000628818099 12.000628818099 12.000628818099 12.000628818099 12.000628818099 12.000628818099 12.000628818099 12.000628818099 12.000628818099 12.000628818099 12.000628818099
"DGMvek.10" 12 12.2253268546826 10.0032179620504 11.1 7.39713595279436 4.6 7 11.6291201629059 11.6291201629059 11.6291201629059 11.6291201629059 11.6291201629059 11.6291201629059 11.6291201629059 11.6291201629059 11.6291201629059 11.6291201629059 11.6291201629059 11.6291201629059 11.6291201629059 11.6291201629059 11.6291201629059 11.6291201629059 11.6291201629059 11.6291201629059 11.6291201629059 11.6291201629059 11.6291201629059 11.6291201629059 11.6291201629059 11.6291201629059 11.6291201629059
"DGMvek.11" 13 12.1789643670098 11.2240078918057 9.07185461636917 8.46884974953197 11.6173492973916 11.6173492973916 7.37447720774544 8.6 17.0276169944189 11.6173492973916 11.6173492973916 11.6173492973916 11.6173492973916 11.6173492973916 11.6173492973916 11.6173492973916 11.6173492973916 11.6173492973916 11.6173492973916 11.6173492973916 11.6173492973916 11.6173492973916 11.6173492973916 11.6173492973916 11.6173492973916 11.6173492973916 11.6173492973916 11.6173492973916 11.6173492973916 11.6173492973916 11.6173492973916
"DGMvek.12" 14 11.6195284769075 10.6940672885833 11.0848392399982 7.54155882614111 9.9 11.4138216329873 11.4138216329873 11.4138216329873 11.4138216329873 11.4138216329873 11.4138216329873 11.4138216329873 11.4138216329873 11.4138216329873 11.4138216329873 11.4138216329873 11.4138216329873 11.4138216329873 11.4138216329873 11.4138216329873 11.4138216329873 11.4138216329873 11.4138216329873 11.4138216329873 11.4138216329873 11.4138216329873 11.4138216329873 11.4138216329873 11.4138216329873 11.4138216329873 11.4138216329873
"DGMvek.13" 15 12.6405673256237 11.8489817136312 29.844831942105 11.536658542071 12.8344164772793 7.99700186847525 15.9125015401043 8.16885508237011 12.8344164772793 12.8344164772793 12.8344164772793 12.8344164772793 12.8344164772793 12.8344164772793 12.8344164772793 12.8344164772793 12.8344164772793 12.8344164772793 12.8344164772793 12.8344164772793 12.8344164772793 12.8344164772793 12.8344164772793 12.8344164772793 12.8344164772793 12.8344164772793 12.8344164772793 6.73294489433142 12.8344164772793 12.8344164772793 12.8344164772793
"DGMvek.14" 16 10.249108146255 8.20151543877929 8.87036822361435 10.6856805830582 10.2768913888151 10.2768913888151 10.2768913888151 10.2768913888151 10.2768913888151 10.2768913888151 10.2768913888151 10.2768913888151 10.2768913888151 10.2768913888151 10.2768913888151 10.2768913888151 10.2768913888151 10.2768913888151 10.2768913888151 10.2768913888151 10.2768913888151 10.2768913888151 10.2768913888151 10.2768913888151 10.2768913888151 10.2768913888151 10.2768913888151 10.2768913888151 10.2768913888151 10.2768913888151 10.2768913888151
"DGMvek.15" 17 12.2503221518136 12.0758459054645 18.0039740039559 9.501591803302 8.07967477468279 5.99049648820077 13.7 11.8800858292961 8.37070622229233 11.8800858292961 11.8800858292961 11.8800858292961 11.8800858292961 11.8800858292961 11.8800858292961 11.8800858292961 11.8800858292961 11.8800858292961 11.8800858292961 11.8800858292961 11.8800858292961 11.8800858292961 11.8800858292961 11.8800858292961 11.8800858292961 11.8800858292961 11.8800858292961 11.8800858292961 11.8800858292961 11.8800858292961 11.8800858292961
"DGMvek.16" 18 13.4612016659492 12.1718701997222 13.846170146044 8.79166970281403 13.6 7.07102989743476 12.7566627315764 12.7566627315764 5.80019790398945 12.7566627315764 12.7566627315764 12.7566627315764 12.7566627315764 12.7566627315764 12.7566627315764 12.7566627315764 12.7566627315764 12.7566627315764 12.7566627315764 12.7566627315764 12.7566627315764 12.7566627315764 12.7566627315764 12.7566627315764 12.7566627315764 12.7566627315764 12.7566627315764 12.7566627315764 12.7566627315764 12.7566627315764 12.7566627315764
"DGMvek.17" 19 13.6555595411912 16.5195342938613 16.0972411265929 8.98894673163446 11.1207310839091 5.61005406583486 13.339413637441 13.339413637441 18.483681571911 13.339413637441 13.339413637441 13.339413637441 13.339413637441 13.339413637441 13.339413637441 13.339413637441 13.339413637441 13.339413637441 13.339413637441 13.339413637441 13.339413637441 13.339413637441 13.339413637441 13.339413637441 13.339413637441 13.339413637441 13.339413637441 13.339413637441 13.339413637441 13.339413637441 13.339413637441
"DGMvek.18" 21 22.5646904482569 16.4225293842621 13.232835350222 11.0963861364141 10.1963470361734 21.7122297075238 15.7448499250697 8.23549791572025 21.7122297075238 21.7122297075238 21.7122297075238 21.7122297075238 21.7122297075238 21.7122297075238 21.7122297075238 21.7122297075238 21.7122297075238 6.10793187325615 21.7122297075238 21.7122297075238 21.7122297075238 21.7122297075238 21.7122297075238 21.7122297075238 21.7122297075238 11.4476232324039 21.7122297075238 21.7122297075238 21.7122297075238 14.2 21.7122297075238
