"speOsNum" "tyyppi" "maakunta" "spe1Rat" "spe2Rat" "spe3Rat" "spe4Rat" "spe5Rat" "spe6Rat" "spe7Rat" "spe8Rat" "spe9Rat" "spe10Rat" "spe11Rat" "spe12Rat" "spe13Rat" "spe14Rat" "spe15Rat" "spe16Rat" "spe17Rat" "spe18Rat" "spe19Rat" "spe20Rat" "spe21Rat" "spe22Rat" "spe23Rat" "spe24Rat" "spe25Rat" "spe26Rat" "spe27Rat" "spe28Rat" "spe29Rat" "spe30Rat" "spe31Rat"
"1" 1 "MetsaHarvaTaimikko" 0 0.106433602045561 0 0 0.00682096909535019 0 0 0.00568414091279183 0 0 0 0 0 0 0 0 0 0 0 0 0 0 0 0 0 0 0 0 0 0 0 0
"2" 2 "MetsaHarvaTaimikko" 0 0 0.131754489337823 0.0146464646464647 0.00227272727272727 0 0 0.00757575757575758 0 0 0 0 0 0 0 0 0 0 0 0 0 0 0 0 0 0 0 0 0 0 0 0
"3" 3 "MetsaHarvaTaimikko" 0 0 0.0191095604461144 0.0999999999999999 0 0 0 0 0 0 0 0 0 0 0 0 0 0 0 0 0 0 0 0 0 0 0 0 0 0 0 0
"4" 4 "MetsaHarvaTaimikko" 0 0 0 0 0.0589482213949337 0 0 0 0 0 0 0 0 0 0 0 0 0 0 0 0 0 0 0 0 0 0 0 0 0 0 0
"5" 5 "MetsaHarvaTaimikko" 0 0 0.1 0 0.05 0.0500000000000001 0 0 0 0 0 0 0 0 0 0 0 0 0 0 0 0 0 0 0 0 0 0 0 0 0 0
"6" 7 "MetsaHarvaTaimikko" 0 0 0 0 0 0 0 0.25 0 0 0 0 0 0 0 0 0 0 0 0 0 0 0 0 0 0 0 0 0 0 0 0
"7" 26 "MetsaHarvaTaimikko" 0 0 0 0 0 0 0 0 0 0 0 0 0 0 0 0 0 0 0 0 0 0 0 0 0 0 0 0 0 0 0 0
"8" 1 "MetsaKeskim" 0 0.0878942541138897 0.00235372232519318 0.00179144621392317 0.000282859928514185 0.000145056373597018 0 0.000942030690137314 0.000174067648316421 0.000174067648316421 0 0 0 0 0 0 0 0 0 0 0 0 0 0 0 0 8.70338241582106e-05 0 0 0 0 0
"9" 2 "MetsaKeskim" 0 0.00324841417164408 0.122801549593879 0.000238663484486873 0.00172782786764489 0 0 0.002105565447252 0.00092055915444937 0.000954653937947494 0 0 0 0 0 0 0 0 0.000477326968973747 0 0 0 0 0 0 0 0.000327948672618522 0 0 0 0 0
"10" 3 "MetsaKeskim" 0 0 0 0.0878104273770341 0.00498351139549971 0.00044637977950733 0 0.000803483603113197 0.000535655735408797 0.00133913933852199 0 0 0 0 0 0 0 0 0 0 0 0 0 0 0 0 0 0 0 0 0 0
"11" 4 "MetsaKeskim" 0 0.000412395569879924 0.000695917524172372 0.00236894743752238 0.110773729676081 0.000763022443576005 0 0.00159066862667971 0.000695917524172372 0.0010958605220133 0 0 0 0 0 0 0 0 0 0 0 0 0 0 0 0 0 0 0 0 0 0
"12" 5 "MetsaKeskim" 0 0 0 0.00365884129363404 0.00143892007178117 0.0721145766176005 0 0.00853003399858961 0 0 0 0 0 0 0 0 0 0 0 0 0 0 0 0 0 0 0 0 0 0.0021325084996474 0 0
"13" 7 "MetsaKeskim" 0 0 0 0.000680750380993728 0 0.00153168835723588 0 0.0916592059628099 0.0217515243453508 0.00559672937651937 0 0 0 0 0 0 0 0 0 0 0 0 0 0 0 0 0.000408450228596235 0 0.000605331457421536 0 0 0
"14" 8 "MetsaKeskim" 0 0 0 0 0 0 0 0.021721252203272 0.131788568491904 0 0 0 0 0 0 0 0 0 0 0 0 0 0 0 0 0 0 0 0 0 0.00830790645557185 0
"15" 9 "MetsaKeskim" 0 0 0 0 0 0 0 0 0 0.0934665158939565 0 0 0 0 0 0 0 0 0 0 0 0 0 0 0 0 0 0 0 0 0 0
"16" 16 "MetsaKeskim" 0 0 0.0190476190476191 0 0 0 0 0 0 0 0 0 0 0 0 0 0.114285714285714 0 0 0 0 0 0 0 0 0 0 0 0 0 0 0
"17" 26 "MetsaKeskim" 0 0 0 0 0 0 0 0 0 0 0 0 0 0 0 0 0 0 0 0 0 0 0 0 0 0 0.2 0 0 0 0 0
"18" 27 "MetsaKeskim" 0 0 0 0 0.199999999999999 0 0 0 0 0 0 0 0 0 0 0 0 0 0 0 0 0 0 0 0 0 0 0 0 0 0 0
"19" 28 "MetsaKeskim" 0 0 0 0 0 0 0 0 0 0 0 0 0 0 0 0 0 0 0 0 0 0 0 0 0 0 0 0 0.25 0 0 0
"20" 29 "MetsaKeskim" 0 0 0 0 0 0 0 0 0 0 0 0 0 0 0 0 0 0 0 0 0 0 0 0 0 0 0 0 0 0.6 0 0
"21" 30 "MetsaKeskim" 0 0 0 0 0 0 0 0 0 0 0 0 0 0 0 0 0 0 0 0 0 0 0 0 0 0 0 0 0 0 0.2 0
"22" 1 "MetsaTiheaTaimikko" 0 0.0597207699677559 0 0 0 0 0 0.0146469927389979 0 0 0 0 0 0 0 0 0 0 0 0 0 0 0 0 0 0 0 0 0 0 0 0
"23" 2 "MetsaTiheaTaimikko" 0 0 0.090625 0 0 0 0 0 0.071875 0 0 0 0 0 0 0 0 0 0 0 0 0 0 0 0 0 0 0 0 0 0 0
"24" 3 "MetsaTiheaTaimikko" 0 0 0 0.074465811965812 0 0 0 0 0.00427350427350427 0 0 0 0 0 0 0 0 0 0 0 0 0 0 0 0 0 0 0 0 0 0.00961538461538462 0
"25" 4 "MetsaTiheaTaimikko" 0 0 0 0.009375 0.159375 0 0 0.003125 0.003125 0 0 0 0 0 0 0 0 0 0 0 0 0 0 0 0 0 0 0 0 0 0.00625 0
"26" 5 "MetsaTiheaTaimikko" 0 0 0 0 0 0.4 0 0 0 0 0 0 0 0 0 0 0 0 0 0 0 0 0 0 0 0 0 0 0 0 0 0
"27" 7 "MetsaTiheaTaimikko" 0 0 0 0 0 0 0 0.166666666666667 0 0 0 0 0 0 0 0 0 0 0 0 0 0 0 0 0 0 0 0 0 0 0 0
"28" 18 "MetsaTiheaTaimikko" 0 0 0 0 0 0 0 0 0 0 0 0 0 0 0 0 0 0 0.3 0 0 0 0 0 0 0 0 0 0 0 0 0
"29" 31 "MetsaTiheaTaimikko" 0 0 0 0 0 0 0 0 0 0 0 0 0 0 0 0 0 0 0 0 0 0 0 0 0 0 0 0 0 0 0 0.1
"30" 1 "MetsaVart" 0 0.103692993899981 0.00131912939894407 0.00118625404765757 0.000920822406424578 0.000451965318277933 0 0.000662283216907349 7.08270010635372e-05 0.000366268683548829 0 0 0 0 0 0 0 0 0 0 0 0 0 0 0 0 4.25702031187657e-05 0 0 5.45541869244481e-05 1.56564949719397e-05 0
"31" 2 "MetsaVart" 0 0.00178159822796381 0.104339297727633 0.000978070854958024 0.000829840936918579 0.000599737550280389 0 0.000550802728703335 5.71178619314657e-05 0.000309448609134952 0 0 0 0 0 0 0 0 0.000192772784018697 0 0 0 0 0 0 0 0 0 0 0 0 0
"32" 3 "MetsaVart" 0 0 0 0.14008099242543 0.0100285009477054 0 0 0.0116342228049474 0.00413565040037494 0.00285733299645807 0 0 0 0 0 0 0 0 0 0 0 0 0 0 0 0 0.000227958487440144 0 0 0 0 0
"33" 4 "MetsaVart" 0 0 0 0.00725381805492203 0.108403635161976 0.00150716014116625 0 0.00258473885327709 0 0.00104559642381828 0 0 0 0 0 0 0 0 0 0 0 0 0 0 0 0 0 0 0 0 0 0
"34" 5 "MetsaVart" 0 0 0 0.00673259178438723 0.000525982591699975 0.101733839286218 0 0 0.00214614046978382 0 0 0 0 0 0 0 0 0 0 0 0 0 0 0 0 0 0 0 0 0 0 0
"35" 7 "MetsaVart" 0 0.00057173242133491 0.00152483548382861 0.00127267599008872 0.003974116433915 0 0 0.0991299191435617 0.00443311613814055 0.00385092347291187 0 0 0 0 0 0 0 0 0 0 0 0 0 0 0 0 0.000859247393570991 0 0.00215850215880936 0.000591632970398742 0.000326149600071484 0
"36" 8 "MetsaVart" 0 0 0 0 0 0 0 0 0.5 0 0 0 0 0 0 0 0 0 0 0 0 0 0 0 0 0 0 0 0 0 0 0
"37" 9 "MetsaVart" 0 0 0 0 0 0 0 0.00243902439024391 0.00243902439024391 0.0615489310448661 0 0 0 0 0 0 0 0 0 0 0 0 0 0 0 0 0.0285306571815718 0 0 0 0 0
"38" 11 "MetsaVart" 0 0 0 0 0 0 0 0 0 0 0 0 0 0 0 0 0 0 0 0 0 0 0 0 0 0 0 0 0 0 0 0
"39" 22 "MetsaVart" 0 0 0 0 0 0 0 0 0 0 0 0 0 0 0 0 0 0 0 0 0 0 0.0555555555555555 0 0 0 0 0 0 0 0 0
"40" 26 "MetsaVart" 0 0 0.0155649244849267 0 0 0 0 0 0.0137639461949784 0 0 0 0 0 0 0 0 0 0 0 0 0 0 0 0 0 0.130626555319201 0 0.00917596412998562 0 0 0
"41" 27 "MetsaVart" 0 0 0 0 0 0 0 0 0 0 0 0 0 0 0 0 0 0 0 0 0 0 0 0 0 0 0 1.47127914951989 0 0 0 0
"42" 29 "MetsaVart" 0 0 0 0 0 0 0 0 0 0 0 0 0 0 0 0 0 0 0 0 0 0 0 0 0 0 0 0 0 0.0277777777777777 0 0
"43" 1 "MetsaHarvaTaimikko" 1 0.0778681503711844 0.00624459213745221 0.000541897639431014 0.00157899223484555 0.00182890453307968 0 0 0 0 0 0 0 0 0 0 0 0 0.000975415750975826 0 0 0 0 0 0 0 0 0 0 0 0 0
"44" 2 "MetsaHarvaTaimikko" 1 0.00107333147987511 0.0851624924898098 0.0022101532196384 0.00336220435242117 0.00381285775429588 0.0020916449589752 0 0.00290468704669298 0 0 0 0 0 0 0 0 0 0 0 0 0 0 0 0 0 0 0 0 0.000473604261351085 0 0
"45" 3 "MetsaHarvaTaimikko" 1 0 0 0.0921262450153218 0 0 0 0 0 0 0 0 0 0 0 0 0 0 0 0 0 0 0 0 0 0 0 0 0 0 0 0
"46" 4 "MetsaHarvaTaimikko" 1 0 0.00141123227175678 0.0063863377315099 0.142445349200026 0.00156803585750753 0.00510695174442061 0 0 0 0 0 0 0 0 0 0 0 0 0 0 0 0 0 0 0 0 0 0 0 0 0
"47" 5 "MetsaHarvaTaimikko" 1 0 0 0 0 0.180695339758407 0 0 0 0 0 0 0 0 0 0 0 0 0 0 0 0 0 0 0 0 0 0 0 0 0 0
"48" 6 "MetsaHarvaTaimikko" 1 0 0 0 0 0 0.0499999999999999 0 0 0 0 0 0 0 0 0 0 0 0 0 0 0 0 0 0 0 0 0 0 0 0 0
"49" 7 "MetsaHarvaTaimikko" 1 0 0 0 0 0 0 0 0 0 0 0 0 0 0 0 0 0 0 0 0 0 0 0 0 0 0 0 0 0 0 0
"50" 8 "MetsaHarvaTaimikko" 1 0 0 0 0 0.0249999999999999 0 0 0.0833333333333335 0 0 0 0 0 0 0 0 0 0 0 0 0 0 0 0 0 0 0 0 0 0 0
"51" 9 "MetsaHarvaTaimikko" 1 0 0 0 0 0 0 0 0 0 0 0 0 0 0 0 0 0 0 0 0 0 0 0 0 0 0 0 0 0 0 0
"52" 27 "MetsaHarvaTaimikko" 1 0 0 0 0 0 0 0 0 0 0 0 0 0 0 0 0 0 0 0 0 0 0 0 0 0 0 0.222222222222222 0 0 0 0
"53" 28 "MetsaHarvaTaimikko" 1 0 0 0 0 0 0 0 0 0 0 0 0 0 0 0 0 0 0 0 0 0 0 0 0 0 0 0 0.208888888888889 0 0 0
"54" 29 "MetsaHarvaTaimikko" 1 0 0 0 0 0 0 0 0 0 0 0 0 0 0 0 0 0 0 0 0 0 0 0 0 0 0 0 0 0 0 0
"55" 30 "MetsaHarvaTaimikko" 1 0 0.0666666666666667 0 0 0 0 0 0 0 0 0 0 0 0 0 0 0 0 0 0 0 0 0 0 0 0 0 0 0 0 0
"56" 1 "MetsaKeskim" 1 0.0909393448734146 0.00323671703403733 0.000366321572167236 0.00199792837906878 7.88843158795238e-05 0.000283983537166286 0 0.000118326473819286 0 0 0 0 0 0 0 0 0 0 0 0 0 0 0 0 0 0 0 0 0 0 0
"57" 2 "MetsaKeskim" 1 0.00267834024172784 0.107881487965098 0.0011843317518625 0.00244636440138936 0.00050755923042421 0 7.61338845636315e-05 0.000470733614856631 8.6271283491204e-05 0 0 0 0 0 0 0 0 0.000697893941833288 0 0 0 0 0 0 0 0 0 8.62712834912039e-05 0 0 0
"58" 3 "MetsaKeskim" 1 0 0 0.0978340798656375 0.0121277249376139 0.00121203137709933 0 0 0.000561886724069325 0.00214850925054821 0 0 0 0 0 0 0 0 0 0 0 0 0 0 0 0 0 0 0 0 0 0
"59" 4 "MetsaKeskim" 1 0.000262854328529327 0.00162449990795074 0.00336543744984746 0.11804613599066 0.000775787047356999 0.000481199000046057 0.000515570357192204 0.00045498771399296 0.000297225685675474 0 0 0 0 0 0 0 0 0 0 0 0 0 0 0 0 0 0 0 0 0 0
"60" 5 "MetsaKeskim" 1 0 0 0 0 0.0969560868749884 0 0.000985675847510362 0.00260955887595546 0.00828251315793112 0 0 0 0 0 0 0 0 0 0 0 0 0 0 0 0 0 0 0 0 0 0
"61" 6 "MetsaKeskim" 1 0 0.000912223251797006 0.00258421960255004 0.0103368784102002 0 0.114157708604051 0.00229708409115559 0.00260635214799145 0.00494321606300719 0 0 0 0 0 0 0 0 0 0 0 0 0 0 0 0 0 0 0.00220433305307203 0 0 0
"62" 7 "MetsaKeskim" 1 0 0.00322948651613412 0 0 0 0 0.130385176361175 0 0 0 0 0 0 0 0 0 0 0 0 0 0 0 0 0 0 0 0 0 0 0 0
"63" 8 "MetsaKeskim" 1 0 0 0 0 0 0.0106723527160978 0 0.0736967834165856 0.00608566208410363 0 0 0 0 0 0 0 0 0 0 0 0 0 0 0 0 0 0 0 0 0 0
"64" 9 "MetsaKeskim" 1 0 0 0 0 0.00638334760936646 0 0 0 0.10851690935923 0 0 0 0 0 0 0 0 0 0 0 0 0 0 0 0 0 0 0 0 0 0
"65" 14 "MetsaKeskim" 1 0 0 0 0 0 0 0 0 0 0 0 0 0 0.266666666666667 0 0 0 0 0 0 0 0 0 0 0 0 0 0 0 0 0
"66" 18 "MetsaKeskim" 1 0 0 0 0 0 0 0 0 0 0 0 0 0 0 0 0 0 0.200000000000001 0 0 0 0 0 0 0 0 0 0 0 0 0
"67" 28 "MetsaKeskim" 1 0 0 0 0 0 0.00833050360859729 0 0.0147032378429499 0 0 0 0 0 0 0 0 0 0 0 0 0 0 0 0 0 0 0 0.114585369952685 0 0 0
"68" 1 "MetsaTiheaTaimikko" 1 0.0916494316564796 0.00237203830943264 0 0 0 0 0 0 0 0 0 0 0 0 0 0 0 0 0 0 0 0 0 0 0 0 0 0 0 0 0
"69" 2 "MetsaTiheaTaimikko" 1 0.00425499365302345 0.146353408951262 0.00187750304903776 0.0191793580902855 0 0.00268214721291108 0.00268214721291108 0 0.00536429442582216 0 0 0 0 0 0 0 0 0 0 0 0 0 0 0 0 0 0 0 0 0 0
"70" 3 "MetsaTiheaTaimikko" 1 0 0 0.0748790378484912 0.00577481363776194 0 0 0 0.00577481363776195 0 0 0 0 0 0 0 0 0 0 0 0 0 0 0 0 0 0 0 0 0 0 0
"71" 4 "MetsaTiheaTaimikko" 1 0 0.000589736895224141 0.00104087846817503 0.110434757682018 0 0.00319193306566172 0 0.00174626852652973 0 0 0 0 0 0 0 0 0 0 0 0 0 0 0 0 0 0 0 0 0 0 0
"72" 5 "MetsaTiheaTaimikko" 1 0 0 0 0 0.0905953575939792 0 0 0.0168314834470801 0 0 0 0 0 0 0 0 0 0 0 0 0 0 0 0 0 0 0 0 0 0 0
"73" 6 "MetsaTiheaTaimikko" 1 0 0 0 0 0 0.0771119825606199 0 0 0 0 0 0 0 0 0 0 0 0 0 0 0 0 0 0 0 0 0 0 0 0 0
"74" 7 "MetsaTiheaTaimikko" 1 0 0 0 0 0 0 0 0 0 0 0 0 0 0 0 0 0 0 0 0 0 0 0 0 0 0 0 0 0 0 0
"75" 8 "MetsaTiheaTaimikko" 1 0 0 0 0 0 0.0120484556183857 0 0.153274039675846 0 0 0 0 0 0 0 0 0 0 0 0 0 0 0 0 0 0 0 0 0.0150605695229821 0 0
"76" 29 "MetsaTiheaTaimikko" 1 0 0 0 0.333333333333333 0 0 0 0.166666666666667 0 0 0 0 0 0 0 0 0 0 0 0 0 0 0 0 0 0 0 0 0.166666666666667 0 0
"77" 30 "MetsaTiheaTaimikko" 1 0 0 0 0 0 0 0 0 0 0 0 0 0 0 0 0 0 0 0 0 0 0 0 0 0 0 0 0 0 0 0
"78" 1 "MetsaVart" 1 0.100373972403011 0.00194391507456353 0.000474235820636118 0.000830406757435378 0.000177895859544504 3.1956766883276e-05 7.22132904440739e-05 4.07357210005802e-05 5.77141292757266e-05 0 2.527290656578e-05 0 0 0 0 0 0 5.01362720007142e-05 0 0 0 0 0 0 0 0 0 2.25613224003214e-05 1.41008265002009e-05 0 0
"79" 2 "MetsaVart" 1 0.000737544124678547 0.105202210799916 0.00031364219010269 0.000712520531852845 0.000439294746776706 0.00011475975330363 0.000210441750295751 0.000127493753985762 0.000223654417266374 0 0 0 0 0 0 0 0 0.000109971954398965 0 0 0 0 0 0 0 0 0 0 0 0 0
"80" 3 "MetsaVart" 1 0.000135478575700167 0.000637309810327085 0.103900029186351 0.00901660279953373 0.00163409753549375 0.0003510135691311 0.000296379679090873 0 0.00159906181493056 0 0 0 0 0 0 0 0 0 0 0 0 0 0 0 0 0 0 0 0 0 0
"81" 4 "MetsaVart" 1 0.000162362544440854 0.000784655951552841 0.00304699491401368 0.109888107363182 0.000973018828423215 0.00222801363270214 0.000812175304554807 0.00110908701258863 0.000790536113324179 0 0 0 0 0 0 0 0 0 0 0 0 0 0 0 0 0 0 0 0 0 0
"82" 5 "MetsaVart" 1 0.000568986185788237 0.000284493092894118 0.000774055415146819 0.00256470178231736 0.133268389671666 0.000986320615568761 0.000669502478446676 0.00376595144126255 0.00221503478126143 0 0 0 0 0 0 0 0 0 0 0 0 0 0 0 0 0 0 0 0 0 0
"83" 6 "MetsaVart" 1 0 0.00235479075027689 0 0 0 0.105514402912266 0 0 0.00442101599263011 0 0 0 0 0 0 0 0 0 0 0 0 0 0 0 0 0 0 0.00186397875026993 0 0.00274158324105189 0
"84" 7 "MetsaVart" 1 0 0 0.00146206960937534 0 0.00161398153063638 0.00150241125819279 0.160742039860334 0.00545448938591596 0.00161888745456099 0 0 0 0 0 0 0 0 0 0 0 0 0 0 0 0 0 0 0.00182214584896748 0.000509949548186713 0 0
"85" 8 "MetsaVart" 1 0 0 0 0 0 0 0 0 0 0 0 0 0 0 0 0 0 0 0 0 0 0 0 0 0 0 0 0 0 0 0
"86" 9 "MetsaVart" 1 0 0 0 0.00533836208756592 0 0 0 0 0.160864386199514 0 0 0 0 0 0 0 0 0 0 0 0 0 0 0 0 0 0 0 0 0 0
"87" 14 "MetsaVart" 1 0 0 0 0 0 0 0 0 0 0 0 0 0 0.336043799569252 0 0 0 0 0 0 0 0 0 0 0 0 0 0 0 0 0
"88" 24 "MetsaVart" 1 0 0 0 0 0 0 0 0 0 0 0 0 0 0 0 0 0 0 0 0 0 0 0 0 0 0 0 0 0 0 0
"89" 27 "MetsaVart" 1 0 0 0 0 0 0 0 0 0 0 0 0 0 0 0 0 0 0 0 0 0 0 0 0 0 0 0.146860360624974 0 0 0 0
"90" 28 "MetsaVart" 1 0 0 0 0 0 0 0 0 0 0 0 0 0 0 0 0 0 0 0 0 0 0 0 0 0 0 0 0 0 0 0
"91" 29 "MetsaVart" 1 0 0 0 0 0 0 0 0 0.015625 0 0 0 0 0 0 0 0 0 0 0 0 0 0 0 0 0 0 0 0.14581367894436 0 0
"92" 1 "MetsaHarvaTaimikko" 2 0.0776941525450472 0.000965634762851462 0.000397614314115308 0.00159045725646123 0 0.000397614314115307 0 0 0.000397614314115309 0 0 0 0 0 0 0 0 0 0 0 0 0 0 0 0 0 0 0 0 0 0
"93" 2 "MetsaHarvaTaimikko" 2 0.00149812734082397 0.138906723738184 0 0.00224719101123596 0.00399500624219725 0 0 0.00316271327507282 0.00224719101123596 0 0 0 0 0.00124843945068664 0 0 0 0.00158135663753641 0 0 0 0 0 0 0 0 0 0 0 0 0
"94" 3 "MetsaHarvaTaimikko" 2 0.0010989010989011 0 0.125457875457875 0.0010989010989011 0 0 0 0 0 0 0 0 0 0 0 0 0 0 0 0 0 0 0 0 0 0 0 0 0 0 0
"95" 4 "MetsaHarvaTaimikko" 2 0.0015748031496063 0 0.00314960629921259 0.115398075240595 0 0 0 0 0.0031496062992126 0 0 0 0 0 0 0 0 0 0 0 0 0 0 0 0 0 0 0 0 0 0
"96" 5 "MetsaHarvaTaimikko" 2 0 0 0 0 0.406349206349206 0 0 0 0 0 0 0 0 0 0 0 0 0 0 0 0 0 0 0 0 0 0 0 0 0 0
"97" 6 "MetsaHarvaTaimikko" 2 0 0 0 0 0 0 0 0 0 0 0 0 0 0 0 0 0 0 0 0 0 0 0 0 0 0 0 0 0 0 0
"98" 7 "MetsaHarvaTaimikko" 2 0 0 0 0 0 0 0.04 0 0 0 0 0 0 0 0 0 0 0 0 0 0 0 0 0 0 0 0 0 0 0 0
"99" 8 "MetsaHarvaTaimikko" 2 0 0 0 0 0 0 0 0.0964285714285714 0 0 0 0 0 0 0 0 0 0 0 0 0 0 0 0 0 0 0 0.0714285714285714 0 0 0
"100" 9 "MetsaHarvaTaimikko" 2 0 0 0 0 0 0 0 0 0 0 0 0 0 0 0 0 0 0 0 0 0 0 0 0 0 0 0 0 0 0 0
"101" 14 "MetsaHarvaTaimikko" 2 0 0 0 0 0 0 0 0 0 0 0 0 0 0 0 0 0 0 0 0 0 0 0 0 0 0 0 0 0 0 0
"102" 30 "MetsaHarvaTaimikko" 2 0 0 0 0 0 0 0 0 0 0 0 0 0 0 0 0 0 0 0 0 0 0 0 0 0 0 0 0 0 0 0
"103" 1 "MetsaKeskim" 2 0.0873563519737129 0.00286902795619991 0.000849143719395142 0.00171532857346768 0.000259840891149388 4.0782202646765e-05 0 0 3.67039823820885e-05 0 0 0 0 0 0 0 0 8.15644052935299e-05 0 0 0 0 0 0 0 0 0 0 0 0 0
"104" 2 "MetsaKeskim" 2 0.00100334448160535 0.114925939860556 0.000427350427350427 0.0021553325901152 0.000222965440356744 0.000390189520624303 0.000306577480490524 8.36120401337793e-05 8.36120401337793e-05 0 0 0 0 0 0 0 0 0.000209030100334448 0 0 0 0 0 0 0 0 0 0 0 0 0
"105" 3 "MetsaKeskim" 2 0.000619195046439628 0 0.0811145510835913 0.00757531082608482 0.000696594427244583 0.000309597523219815 0 0.000442282176028308 0.000619195046439629 0 0 0 0 0 0 0 0 0 0 0 0 0 0 0 0 0 0 0 0 0 0
"106" 4 "MetsaKeskim" 2 0.000245851259987708 0.000382435293314211 0.00186583545526385 0.136048916595936 0.00090486922078809 0.00105511165744724 0.000122925629993854 0.000737553779963122 0.000737553779963122 0 0 0 0 0 0 0 0 0 0 0 0 0 0 0 0 0 0 0 0 0 0
"107" 5 "MetsaKeskim" 2 0 0 0 0 0.126071428571429 0.00333333333333333 0 0.00333333333333333 0.00476190476190476 0 0 0 0 0 0 0 0 0 0 0 0 0 0 0 0 0 0 0 0 0 0
"108" 6 "MetsaKeskim" 2 0 0.00313971742543171 0 0 0.00496626860897702 0.153532182103611 0 0 0.0043956043956044 0 0 0 0 0 0 0 0 0 0 0 0 0 0 0 0 0 0 0 0 0 0
"109" 7 "MetsaKeskim" 2 0 0 0 0 0 0 0.1 0 0 0 0 0 0 0 0 0 0 0 0 0 0 0 0 0 0 0 0 0 0 0 0
"110" 8 "MetsaKeskim" 2 0 0.00555555555555555 0 0 0 0.0347222222222222 0 0.272839506172839 0.028495635240626 0 0 0 0 0 0 0 0 0 0 0 0 0 0 0 0 0 0 0 0 0 0
"111" 9 "MetsaKeskim" 2 0 0 0 0 0 0 0 0.0428571428571429 0.0571428571428571 0 0 0 0 0 0 0 0 0 0 0 0 0 0 0 0 0 0 0 0 0 0
"112" 11 "MetsaKeskim" 2 0 0 0 0 0 0 0 0 0 0 0.0727272727272727 0 0 0 0 0 0 0 0 0 0 0 0 0 0 0 0 0 0 0 0
"113" 14 "MetsaKeskim" 2 0 0 0 0 0 0 0 0 0 0 0 0 0 0.194444444444445 0 0 0 0 0 0 0 0 0 0 0 0 0 0 0 0 0
"114" 24 "MetsaKeskim" 2 0 0 0 0 0 0 0 0 0 0 0 0 0 0 0 0 0 0 0 0 0 0 0 0 0 0 0 0 0 0 0
"115" 28 "MetsaKeskim" 2 0 0 0 0 0 0 0 0 0 0 0 0 0 0 0 0 0 0 0 0 0 0 0 0 0 0 0 0.231990231990232 0 0 0
"116" 1 "MetsaTiheaTaimikko" 2 0.10188679245283 0.00150943396226415 0 0.00150943396226415 0 0 0 0 0 0 0 0 0 0 0 0 0 0 0 0 0 0 0 0 0 0 0 0 0 0 0
"117" 2 "MetsaTiheaTaimikko" 2 0.00176991150442478 0.0944936086529007 0 0.0168141592920354 0 0 0 0.00221238938053097 0 0 0 0 0 0 0 0 0 0 0 0 0 0 0 0 0 0 0 0 0 0 0
"118" 3 "MetsaTiheaTaimikko" 2 0 0 0.151612903225806 0 0 0 0 0 0 0 0 0 0 0 0 0 0 0 0 0 0 0 0 0 0 0 0 0 0 0 0
"119" 4 "MetsaTiheaTaimikko" 2 0 0.0038647342995169 0.0192278199524576 0.1160877233341 0 0 0 0.00138026224982747 0 0 0 0 0 0 0 0 0 0 0 0 0 0 0 0 0 0 0 0.000966183574879227 0 0 0
"120" 5 "MetsaTiheaTaimikko" 2 0 0 0 0 0.0380952380952381 0 0 0 0 0 0 0 0 0 0 0 0 0 0 0 0 0 0 0 0 0 0 0 0 0 0
"121" 6 "MetsaTiheaTaimikko" 2 0 0 0 0 0 0 0 0 0 0 0 0 0 0 0 0 0 0 0 0 0 0 0 0 0 0 0 0 0 0 0
"122" 8 "MetsaTiheaTaimikko" 2 0 0 0 0 0 0 0 0.151111111111111 0 0 0 0 0 0 0 0 0 0 0 0 0 0 0 0 0 0 0 0 0 0 0
"123" 1 "MetsaVart" 2 0.0925728901182754 0.00174335485569263 0.000610966953617859 0.000972057925297087 0.00020376027963817 9.7160691413005e-05 4.66796557882773e-05 9.02022334072991e-06 4.03332843664066e-05 0 0 0 0 0 0 0 0 5.71495578801959e-05 0 0 0 0 0 0 0 0 0 0 0 0 0
"124" 2 "MetsaVart" 2 0.00071692842503799 0.111309238922601 0.000615588388878151 0.00122837370052188 0.000572543517202541 0.000109518303016954 0.000104215740859708 4.28283866546748e-05 0.000127210505599302 0 0 0 0 0 0 0 0 0 0 0 0 0 0 0 0 0 1.28485159964024e-05 0 0 0 0
"125" 3 "MetsaVart" 2 0.000540870190878802 0.00038010258968979 0.0978196220874243 0.0113741097612065 0.000984836474046936 0 0.000365447008807532 0.000260671228413164 0.00043010752688172 0 0 0 0 0 0 0 0 0 0 0 0 0 0 0 0 0 0 0 0.000167574361122748 0 0
"126" 4 "MetsaVart" 2 0 0.000803515379786566 0.00312232751846918 0.118875535497456 0.00179535467671061 0.00103040086090933 0.000604729022808119 0.000451977401129944 0.00145607269901055 0 0 0 0 0 0 0 0 0 0 0 0 0 0 0 0 0 0 0 0 0 0
"127" 5 "MetsaVart" 2 0 0.000599700149925036 0.00280961875632459 0.00351371933081079 0.127661122864676 0.00134932533733133 0.00209895052473763 0.00455605530568049 0.000674662668665667 0 0 0 0 0 0 0 0 0 0 0 0 0 0 0 0 0 0 0 0.000333166749958354 0 0
"128" 6 "MetsaVart" 2 0 0 0 0 0 0.0595238095238095 0 0 0 0 0 0 0 0 0 0 0 0 0 0 0 0 0 0 0 0 0 0 0 0 0
"129" 7 "MetsaVart" 2 0 0 0 0 0.0016615089831504 0.000653594771241829 0.127377117074582 0.000653594771241829 0.00252100840336134 0 0 0 0 0 0 0 0 0 0 0 0 0 0 0 0 0 0 0 0 0 0
"130" 8 "MetsaVart" 2 0 0 0 0 0 0 0 0.111111111111111 0 0 0 0 0 0 0 0 0 0 0 0 0 0 0 0 0 0 0 0 0 0 0
"131" 9 "MetsaVart" 2 0 0 0 0 0 0 0 0 0.12814065693465 0 0 0 0 0 0 0 0 0 0 0 0 0 0 0 0 0 0 0.0461538461538461 0 0.0153846153846154 0
"132" 16 "MetsaVart" 2 0 0 0 0 0 0 0 0 0 0 0 0 0 0 0 0 0 0 0 0 0 0 0 0 0 0 0 0 0 0 0
"133" 27 "MetsaVart" 2 0 0 0 0 0 0 0 0 0 0 0 0 0 0 0 0 0 0 0 0 0 0 0 0 0 0 0.212126769112493 0 0 0 0
"134" 28 "MetsaVart" 2 0 0.0181818181818182 0 0 0 0 0 0 0 0 0 0 0 0 0 0 0 0 0 0 0 0 0 0 0 0 0 0.2 0 0 0
"135" 29 "MetsaVart" 2 0 0 0 0 0 0 0 0 0 0 0 0 0 0 0 0 0 0 0 0 0 0 0 0 0 0 0 0 0.380952380952381 0 0
"136" 1 "MetsaHarvaTaimikko" 3 0.0840425531914893 0.00319148936170212 0 0 0.00106382978723404 0 0 0 0.00212765957446808 0 0 0 0 0 0 0 0 0 0 0 0 0 0 0 0 0 0 0 0 0 0
"137" 2 "MetsaHarvaTaimikko" 3 0.000340136054421769 0.104109977324263 0.00242021624152524 0.00245653817082389 0.00238095238095238 0.0113378684807256 0 0.00102040816326531 0.00102040816326531 0 0 0 0 0 0 0 0 0.00131195335276968 0 0 0 0 0 0 0 0 0 0 0 0 0
"138" 3 "MetsaHarvaTaimikko" 3 0 0.00104712041884817 0.0869109947643979 0.00523560209424084 0 0 0 0 0.00104712041884817 0 0 0 0 0 0 0 0 0 0 0 0 0 0 0 0 0 0 0 0 0 0
"139" 4 "MetsaHarvaTaimikko" 3 0 0.0062992125984252 0.00787401574803149 0.109361329833771 0 0 0 0 0 0 0 0 0 0 0 0 0 0 0 0 0 0 0 0 0 0 0 0 0 0 0
"140" 5 "MetsaHarvaTaimikko" 3 0 0.00625 0 0 0.1125 0 0 0.025 0 0 0 0 0 0 0 0 0 0 0 0 0 0 0 0 0 0 0 0 0 0 0
"141" 6 "MetsaHarvaTaimikko" 3 0 0 0 0 0 0.0142857142857143 0 0.0142857142857143 0.0285714285714285 0 0 0 0 0 0 0 0 0 0 0 0 0 0 0 0 0 0 0 0 0 0
"142" 8 "MetsaHarvaTaimikko" 3 0 0 0 0 0 0 0 0.145679012345679 0.0493827160493828 0 0 0 0 0 0 0 0 0 0 0 0 0 0 0 0 0 0 0 0 0 0
"143" 9 "MetsaHarvaTaimikko" 3 0 0 0 0 0 0 0 0 0.4 0 0 0 0 0 0 0 0 0 0 0 0 0 0 0 0 0 0 0 0 0 0
"144" 14 "MetsaHarvaTaimikko" 3 0 0 0 0 0 0 0 0 0 0 0 0 0 0.0999999999999996 0 0 0 0 0 0 0 0 0 0 0 0 0 0 0 0 0
"145" 15 "MetsaHarvaTaimikko" 3 0 0 0 0 0 0 0 0 0 0 0 0 0 0 0 0 0 0 0 0 0 0 0 0 0 0 0 0 0 0 0
"146" 30 "MetsaHarvaTaimikko" 3 0 0 0 0 0 0 0 0 0 0 0 0 0 0 0 0 0 0 0 0 0 0 0 0 0 0 0 0 0 0 0
"147" 1 "MetsaKeskim" 3 0.083996358996359 0.00432795432795433 0.00111072611072611 0.000855525855525855 0.000254100254100254 0 6.93000693000693e-05 0.000377300377300378 0 0 0 0 0 0 0 0 0 0.000207900207900208 0 0 0 0 0 0 0 0 0 0 0 0 0
"148" 2 "MetsaKeskim" 3 0.00184041438113099 0.102483184567875 0.00169587922030919 0.00109588204050745 0.00119599907873524 0.00121080511959991 0 0.000761453530183172 0.00162866449511401 0 0 0 0 0 0 0 0 0.000184252952982595 0 0 0 0 0 0 0 0 0 5.92241634586911e-05 0 0 0
"149" 3 "MetsaKeskim" 3 0 0.00121100164203613 0.0762497719394271 0.00567015599343185 0.000878033205619412 0.00184729064039409 0 0.00135696040868455 0 0 0 0 0 0 0 0 0 0 0 0 0 0 0 0 0 0 0 0 0 0 0
"150" 4 "MetsaKeskim" 3 0 0.00206192685891062 0.00185246565757007 0.111872997458844 0.000919787868743785 0.00160939859315729 0.000165727543917799 0.00132582035134239 0.00106479946967186 0 0 0 0 0 0 0 0 0 0 0 0 0 0 0 0 0 0 0 0 0 0
"151" 5 "MetsaKeskim" 3 0 0.00162337662337663 0.00252525252525252 0 0.0859217171717172 0.0191558441558442 0 0.0193181818181818 0.0125 0 0 0 0 0 0 0 0 0 0 0 0 0 0 0 0 0 0 0 0 0 0
"152" 6 "MetsaKeskim" 3 0 0.000523560209424084 0.00058173356602676 0.00117801047120419 0.00607911576497964 0.13589503864373 0 0.00955497382198953 0.00423834455248068 0 0 0 0 0 0 0 0 0 0 0 0 0 0 0 0 0 0 0.000581733566026759 0 0 0
"153" 7 "MetsaKeskim" 3 0 0 0 0 0 0 0.0857142857142858 0 0 0 0 0 0 0 0 0 0 0 0 0 0 0 0 0 0 0 0 0 0 0 0
"154" 8 "MetsaKeskim" 3 0 0.00804828973843059 0.00352112676056338 0.00352112676056338 0.0080257150065243 0 0 0.152816901408451 0 0 0 0 0 0 0 0 0 0 0 0 0 0 0 0 0 0 0 0.0253521126760563 0.0028169014084507 0 0
"155" 9 "MetsaKeskim" 3 0 0.0493827160493828 0 0 0 0 0 0.00823045267489711 0.0962962962962963 0 0 0 0 0 0 0 0 0 0 0 0 0 0 0 0 0 0 0 0 0 0
"156" 11 "MetsaKeskim" 3 0 0 0 0 0 0 0 0 0 0 0.2 0 0 0 0 0 0 0 0 0 0 0 0 0 0 0 0 0 0 0 0
"157" 14 "MetsaKeskim" 3 0 0.00694444444444443 0 0 0 0 0 0 0 0 0 0 0 0.0882936507936508 0 0 0 0 0 0 0 0 0 0 0 0 0 0 0 0 0
"158" 18 "MetsaKeskim" 3 0 0 0 0 0 0 0 0 0 0 0 0 0 0 0 0 0 0 0 0 0 0 0 0 0 0 0 0 0 0 0
"159" 28 "MetsaKeskim" 3 0 0 0 0 0 0 0 0 0 0 0 0 0 0 0 0 0 0 0 0 0 0 0 0 0 0 0 0.314814814814815 0 0 0
"160" 29 "MetsaKeskim" 3 0 0 0 0 0 0 0 0.0740740740740741 0 0 0 0 0 0 0 0 0 0 0 0 0 0 0 0 0 0 0 0 0.0370370370370371 0 0
"161" 30 "MetsaKeskim" 3 0 0 0.125 0 0 0 0 0 0 0 0 0 0 0 0 0 0 0 0 0 0 0 0 0 0 0 0 0 0 0 0
"162" 1 "MetsaTiheaTaimikko" 3 0.121739130434783 0.00724637681159421 0.00869565217391305 0 0 0 0 0 0 0 0 0 0 0 0 0 0 0 0 0 0 0 0 0 0 0 0 0 0 0 0
"163" 2 "MetsaTiheaTaimikko" 3 0.00192678227360308 0.119588953114965 0.00115606936416185 0.0046242774566474 0 0.00115606936416185 0 0.00346820809248555 0.0023121387283237 0 0 0 0 0 0 0 0 0 0 0 0 0 0 0 0 0 0 0 0 0 0
"164" 3 "MetsaTiheaTaimikko" 3 0 0 0.0733333333333333 0 0 0 0 0 0.004 0 0 0 0 0 0 0 0 0 0 0 0 0 0 0 0 0 0 0 0 0 0
"165" 4 "MetsaTiheaTaimikko" 3 0 0 0.00925925925925926 0.0848418997228521 0 0 0 0 0 0 0 0 0 0 0 0 0 0 0 0 0 0 0 0 0 0 0 0 0 0 0
"166" 5 "MetsaTiheaTaimikko" 3 0 0 0 0 0.12797619047619 0 0 0.0583333333333333 0 0 0 0 0 0 0 0 0 0 0 0 0 0 0 0 0 0 0 0 0 0 0
"167" 6 "MetsaTiheaTaimikko" 3 0 0 0 0.0104166666666667 0.00868055555555555 0.0907118055555555 0 0.00781250000000001 0 0 0 0 0 0 0 0 0 0 0 0 0 0 0 0 0 0 0 0.021875 0 0 0
"168" 7 "MetsaTiheaTaimikko" 3 0 0 0 0 0 0 0.1 0 0 0 0 0 0 0 0 0 0 0 0 0 0 0 0 0 0 0 0 0 0 0 0
"169" 8 "MetsaTiheaTaimikko" 3 0 0.0169934640522876 0 0.00392156862745098 0.0156862745098039 0.0156862745098039 0 0.156302521008403 0.0196078431372549 0 0 0 0 0 0 0 0 0 0 0 0 0 0 0 0 0 0 0 0 0 0
"170" 9 "MetsaTiheaTaimikko" 3 0 0 0 0 0 0 0 0 0.20952380952381 0 0 0 0 0 0 0 0 0 0 0 0 0 0 0 0 0 0 0 0 0 0
"171" 28 "MetsaTiheaTaimikko" 3 0 0 0 0 0 0 0 0 0 0 0 0 0 0 0 0 0 0 0 0 0 0 0 0 0 0 0 0 0 0 0
"172" 30 "MetsaTiheaTaimikko" 3 0 0 0 0 0 0 0 0 0 0 0 0 0 0 0 0 0 0 0 0 0 0 0 0 0 0 0 0 0 0 0
"173" 1 "MetsaVart" 3 0.0974212567420397 0.00210517622919198 0.00060254909984043 0.00127972591696896 0.000436523713837523 0.000297019251070037 1.51148730350665e-05 7.50945279361241e-05 0.000165819138306796 0 0 0 0 2.29542988470689e-05 0 0 0 9.44679564691657e-05 0 0 0 0 0 0 0 0 0 0 0 0 0
"174" 2 "MetsaVart" 3 0.00132825016326215 0.0987560068865232 0.000374275413094408 0.000877761322966802 0.000370241631229609 0.000253360013633986 0.00019525396237725 0.000254755734207789 0.000112325227157361 0 0 0 0 0 0 0 0 5.02459406568995e-05 0 0 0 0 0 0 0 0 0 0 0 0 0
"175" 3 "MetsaVart" 3 0.000804039151889963 0.00033271719038817 0.10145260609305 0.00877667473634477 0.000663796331009727 0.000369685767097967 0.000345040049291436 0.000455945779420826 0.000271102895871842 0 0 0 0 0 0 0 0 0 0 0 0 0 0 7.39371534195934e-05 0 0 0 0 0 0 0
"176" 4 "MetsaVart" 3 0.000204498977505113 0.001593387866394 0.00533842796351792 0.115754912991521 0.000831262600562099 0.00238734297399942 0.00168072597137014 0.00143879637744669 0.000612279676696854 0 0 0 0 0 0 0 0 0 0 0 0 0 0 0 0 0 0 8.52079072937967e-05 0 0 0
"177" 5 "MetsaVart" 3 0.000544319113737318 0.00174129353233831 0.00199421688336508 0.0025319829424307 0.141863995974716 0.00725835110163468 0.00259812050856827 0.00505705598989181 0.00236488728171146 0 0 0 0 0 0 0 0 0 0 0 0 0 0 0.00133811302072455 0 0 0 0.000621890547263681 0.000621890547263682 0 0
"178" 6 "MetsaVart" 3 0 0.00283687943262411 0 0 0.010086682427108 0.1633839821662 0 0.00425531914893617 0.00583136327817179 0 0 0 0 0 0 0 0 0 0 0 0 0 0 0 0 0 0 0.0106382978723404 0.0043904086457278 0.00283687943262411 0
"179" 7 "MetsaVart" 3 0 0 0 0 0.00526819923371647 0.00114942528735632 0.190685237512317 0.00402298850574712 0.00229885057471264 0 0 0 0 0 0 0 0 0 0 0 0 0 0 0 0 0 0 0.00191570881226053 0.00191570881226053 0 0
"180" 8 "MetsaVart" 3 0 0 0 0 0 0 0 0.115479239689258 0 0 0 0 0 0 0 0 0 0 0 0 0 0 0 0 0 0 0 0 0 0 0
"181" 9 "MetsaVart" 3 0.00384615384615384 0 0 0 0.0048076923076923 0.00384615384615384 0 0.0258241758241758 0.109072114964763 0 0 0 0 0 0 0 0 0 0 0 0 0 0 0 0 0 0 0 0 0 0
"182" 11 "MetsaVart" 3 0 0 0 0 0 0 0 0 0 0 0.305582327594273 0 0 0 0 0 0 0 0 0 0 0 0 0 0 0 0 0 0 0 0
"183" 13 "MetsaVart" 3 0 0 0 0 0 0 0 0 0 0 0 0 0 0 0 0 0 0 0 0 0 0 0 0 0 0 0 0 0 0 0
"184" 14 "MetsaVart" 3 0 0 0 0 0 0 0 0 0 0 0 0 0 0.115407998958854 0 0 0 0 0 0 0 0 0 0 0 0 0 0 0 0 0
"185" 21 "MetsaVart" 3 0 0 0 0 0 0 0 0 0 0 0 0 0 0 0 0 0 0 0 0 0 0 0 0 0 0 0 0 0 0 0
"186" 24 "MetsaVart" 3 0 0 0 0 0 0 0 0 0 0 0 0 0 0 0 0 0 0 0 0 0 0 0 0.377914569206132 0 0 0 0 0 0 0
"187" 29 "MetsaVart" 3 0 0 0 0 0 0 0 0 0.733333333333333 0 0 0 0 0 0 0 0 0 0 0 0 0 0 0 0 0 0 0 0 0 0
"188" 1 "MetsaHarvaTaimikko" 4 0.0904711353755939 0.00254777070063695 0.00339702760084926 0 0 0.000636942675159237 0 0.000636942675159236 0 0 0 0 0 0 0 0 0 0 0 0 0 0 0 0 0 0 0 0 0 0 0
"189" 2 "MetsaHarvaTaimikko" 4 0.000491400491400491 0.112840762840763 0.000491400491400492 0.00924885924885926 0 0.000491400491400491 0 0.00103740103740104 0 0 0 0 0 0 0 0 0 0.000491400491400493 0 0 0 0 0 0 0 0 0 0 0 0 0
"190" 3 "MetsaHarvaTaimikko" 4 0.00108108108108108 0.00108108108108108 0.0906306306306306 0.00108108108108108 0 0 0 0 0 0 0 0 0 0 0 0 0 0 0 0 0 0 0 0 0 0 0 0 0 0 0
"191" 4 "MetsaHarvaTaimikko" 4 0.00210526315789473 0.00210526315789474 0.00631578947368421 0.125430242272348 0 0.00210526315789473 0 0.00511278195488721 0 0 0 0 0 0 0 0 0 0 0 0 0 0 0 0 0 0 0 0 0 0 0
"192" 5 "MetsaHarvaTaimikko" 4 0 0 0 0 0.059047619047619 0 0 0 0 0 0 0 0 0 0 0 0 0 0 0 0 0 0 0 0 0 0 0 0 0 0
"193" 6 "MetsaHarvaTaimikko" 4 0 0 0 0 0 0.0500000000000001 0 0 0 0 0 0 0 0 0 0 0 0 0 0 0 0 0 0 0 0 0 0 0 0 0
"194" 7 "MetsaHarvaTaimikko" 4 0 0 0 0 0 0 0.333333333333334 0 0 0 0 0 0 0 0 0 0 0 0 0 0 0 0 0 0 0 0 0 0 0 0
"195" 8 "MetsaHarvaTaimikko" 4 0 0 0 0 0 0 0 0.177142857142857 0 0 0 0 0 0 0 0 0 0 0 0 0 0 0 0 0 0 0 0 0 0 0
"196" 9 "MetsaHarvaTaimikko" 4 0 0 0 0 0 0 0 0 0 0 0 0 0 0 0 0 0 0 0 0 0 0 0 0 0 0 0 0 0 0 0
"197" 14 "MetsaHarvaTaimikko" 4 0 0 0 0 0 0 0 0 0 0 0 0 0 0.133333333333333 0 0 0 0 0 0 0 0 0 0 0 0 0 0 0 0 0
"198" 28 "MetsaHarvaTaimikko" 4 0 0 0 0 0 0 0 0 0 0 0 0 0 0 0 0 0 0 0 0 0 0 0 0 0 0 0 0.0714285714285713 0 0 0
"199" 1 "MetsaKeskim" 4 0.0887681987956399 0.000909622176487029 0.000872416959771179 0.000603268977382858 0.000111071183561465 4.57351932311914e-05 6.53359903302734e-05 0 0 0 0 0 0 0 0 0 0 0 0 0 0 0 0 0 0 0 0 0 0 0 0
"200" 2 "MetsaKeskim" 4 0.00205936432886788 0.108431713262024 0.000418777440054036 0.00259897181882997 0.000990281061203047 0.000945626477541371 0.000189125295508274 0.000189125295508274 0.000189125295508274 0 0 0 0 0 0 0 0 0.000157604412923562 0 0 0 0 0 0 0 0 0 0 0 0 0
"201" 3 "MetsaKeskim" 4 0.000217864923747276 0.00107116920842411 0.0752749247847287 0.00956184943113048 0.000217864923747277 0 0.000272331154684097 0.00065359477124183 0.000871459694989106 0 0 0 0 0 0 0 0 0 0 0 0 0 0 0 0 0 0 0 0 0 0
"202" 4 "MetsaKeskim" 4 0.000360685302073941 0.000841599038172528 0.00614095352598509 0.11186826398729 0.00036068530207394 0.00380723374411382 0 0.000841599038172526 0.00054102795311091 0 0 0 0 0 0 0 0 0 0 0 0 0 0 0 0 0 0 0 0 0 0
"203" 5 "MetsaKeskim" 4 0 0 0 0.00249687890137329 0.1187265917603 0 0 0.0325842696629213 0 0 0 0 0 0 0 0 0 0 0 0 0 0 0 0 0 0 0 0 0 0 0
"204" 6 "MetsaKeskim" 4 0 0 0.000921658986175117 0.0101382488479263 0.00378904249871992 0.0940713919976593 0.000921658986175116 0.0147465437788018 0.000921658986175114 0 0 0 0 0 0 0 0 0 0 0 0 0 0 0 0 0 0 0 0 0 0
"205" 7 "MetsaKeskim" 4 0 0 0 0 0 0.0388888888888889 0.154497354497354 0 0 0 0 0 0 0 0 0 0 0 0 0 0.0148148148148148 0 0 0 0 0 0 0 0 0 0
"206" 8 "MetsaKeskim" 4 0 0 0 0 0 0 0 0.226031746031746 0 0 0 0 0 0 0 0 0 0 0 0 0 0 0 0 0 0 0 0.00444444444444444 0 0 0
"207" 9 "MetsaKeskim" 4 0 0 0 0 0 0 0 0 0.117647058823529 0 0 0 0 0 0 0 0 0 0 0 0 0 0 0 0 0 0 0 0 0 0
"208" 11 "MetsaKeskim" 4 0 0 0 0 0 0 0 0 0 0 0 0 0 0 0 0 0 0 0 0 0 0 0 0 0 0 0 0 0 0 0
"209" 14 "MetsaKeskim" 4 0 0 0 0 0 0 0 0 0 0 0 0 0 0 0 0 0 0 0 0 0 0 0 0 0 0 0 0 0 0 0
"210" 24 "MetsaKeskim" 4 0 0 0 0 0 0 0 0 0 0 0 0 0 0 0 0 0 0 0 0 0 0 0 0.05 0 0 0 0 0 0 0
"211" 28 "MetsaKeskim" 4 0 0 0 0 0 0 0 0 0 0 0 0 0 0 0 0 0 0 0 0 0 0 0 0 0 0 0 0.25 0 0 0
"212" 29 "MetsaKeskim" 4 0 0 0 0 0 0 0 0 0 0 0 0 0 0 0 0 0 0 0 0 0 0 0 0 0 0 0 0 0 0 0
"213" 1 "MetsaTiheaTaimikko" 4 0.101639344262295 0.00273224043715847 0.00218579234972678 0 0 0 0 0 0.00109289617486339 0 0 0 0 0 0 0 0 0 0 0 0 0 0 0 0 0 0 0 0 0 0
"214" 2 "MetsaTiheaTaimikko" 4 0 0.123174603174603 0 0.00714285714285714 0 0.01 0 0 0.00714285714285714 0 0 0 0 0 0 0 0 0 0 0 0 0 0 0 0 0 0 0 0 0 0
"215" 3 "MetsaTiheaTaimikko" 4 0 0 0.128888888888889 0 0 0 0 0 0 0 0 0 0 0 0 0 0 0 0 0 0 0 0 0 0 0 0 0 0 0 0
"216" 4 "MetsaTiheaTaimikko" 4 0.00258064516129032 0.00258064516129032 0.00829493087557604 0.0855094726062468 0 0.00129032258064516 0 0.00258064516129032 0 0 0 0 0 0 0 0 0 0 0 0 0 0 0 0 0 0 0 0 0 0 0
"217" 5 "MetsaTiheaTaimikko" 4 0 0 0 0 0.0769230769230769 0.0659340659340659 0 0 0 0 0 0 0 0 0 0 0 0 0 0 0 0 0 0 0 0 0 0 0 0 0
"218" 6 "MetsaTiheaTaimikko" 4 0 0 0 0.04 0 0.4 0 0 0 0 0 0 0 0 0 0 0 0 0 0 0 0 0 0 0 0 0 0 0 0 0
"219" 8 "MetsaTiheaTaimikko" 4 0 0 0 0.008 0 0 0 0.122666666666667 0.032 0 0 0 0 0 0 0 0 0 0 0 0 0 0 0 0 0 0 0.0342857142857143 0 0 0
"220" 28 "MetsaTiheaTaimikko" 4 0 0 0 0 0 0 0 0 0 0 0 0 0 0 0 0 0 0 0 0 0 0 0 0 0 0 0 0.1 0 0 0
"221" 1 "MetsaVart" 4 0.0926895571129485 0.00204763790181653 0.000769381649640307 0.000900878066729368 0.000246631087969895 0.000113987879624199 6.46841687653085e-05 3.92417290509539e-05 3.62231345085728e-05 0 0 0 0 0 0 0 0 8.58622447610615e-05 0 0 2.41487563390485e-05 0 0 0 0 0 0 4.02479272317476e-05 0 0 0
"222" 2 "MetsaVart" 4 0.00093072765047944 0.103200278168017 0.00069142719601261 0.000663952379658631 0.000574660974696006 0.00068432893846538 6.52049881815959e-05 0.000237209019505865 0.000210863370787068 0 0 0 0 0 0 0 0 3.66778058521477e-05 0 0 0 0 0 0 0 0 0 0 0 0 0
"223" 3 "MetsaVart" 4 0 0.000161186331399097 0.106420168905217 0.0137726566906007 0.000585387819430372 0.000487140912672827 0.00142816206645994 0.0011605415860735 0.000451321727917473 0 0 0 0 0 0 0 0 0 0 0 0 0 0 0 0 0 0 0 0 0 0
"224" 4 "MetsaVart" 4 0.000720491629582539 0.00141071050161959 0.00654344895291591 0.106931875892587 0.00154693791057427 0.000508582326764145 0.00033905488450943 0.000904146358691812 0.000317863954227591 0 0 0 0 0 0 0 0 0 0 0 0 0 0 0 0 0 0 0.00158931977113795 0 0 0
"225" 5 "MetsaVart" 4 0 0.00106157112526539 0.00117554818756416 0.00180467091295117 0.140990782633782 0.00286624203821656 0.00194621372965322 0.00222929936305733 0.000849256900212314 0 0 0 0 0 0 0 0 0 0 0 0 0 0 0 0 0 0 0 0 0 0
"226" 6 "MetsaVart" 4 0 0.00634920634920635 0 0 0 0.233610481229529 0 0.00317460317460317 0.0115898211136306 0 0 0 0 0 0 0 0 0 0 0 0 0 0 0 0 0 0 0 0 0 0
"227" 7 "MetsaVart" 4 0.0021505376344086 0.00522273425499232 0 0 0 0.0114695340501792 0.145893791417079 0 0.0021505376344086 0 0 0 0 0 0 0 0 0 0 0 0 0 0 0 0 0 0 0 0 0 0
"228" 8 "MetsaVart" 4 0 0 0 0 0 0 0 0.2 0 0 0 0 0 0 0 0 0 0 0 0 0 0 0 0 0 0 0 0 0 0 0
"229" 9 "MetsaVart" 4 0 0 0 0 0 0.0370370370370371 0 0 0.122222222222222 0 0 0 0 0 0 0 0 0 0 0 0 0 0 0 0 0 0 0 0 0 0
"230" 11 "MetsaVart" 4 0 0.0333333333333333 0 0 0 0 0 0 0 0 0.0666666666666667 0 0 0 0 0 0 0 0 0 0 0 0 0 0 0 0 0 0 0 0
"231" 14 "MetsaVart" 4 0.0292631709392767 0.00925925925925926 0 0 0 0 0 0 0 0 0 0 0 0.0555555555555556 0 0 0 0 0 0 0 0 0 0 0 0 0 0 0 0 0
"232" 24 "MetsaVart" 4 0 0 0 0 0 0 0 0 0 0 0 0 0 0 0 0 0 0 0 0 0 0 0 0 0 0 0 0 0 0 0
"233" 1 "MetsaHarvaTaimikko" 5 0.0661985018726592 0.00491573033707865 0 0.00224719101123595 0 0.000561797752808988 0 0.000802568218298556 0 0 0 0 0 0 0 0 0 0 0 0 0 0 0 0 0 0 0 0 0 0 0
"234" 2 "MetsaHarvaTaimikko" 5 0.000391389432485323 0.098623924455627 0.000391389432485323 0.00553381169819526 0 0.00234833659491193 0 0.000391389432485323 0 0 0 0 0 0 0 0 0 0 0 0 0 0 0 0 0 0 0 0 0 0 0
"235" 3 "MetsaHarvaTaimikko" 5 0 0 0.0997324772605671 0.0112359550561798 0 0 0 0 0 0 0 0 0 0 0 0 0 0 0 0 0 0 0 0 0 0 0 0 0 0 0
"236" 4 "MetsaHarvaTaimikko" 5 0.00170940170940171 0.00341880341880342 0.00341880341880342 0.0629629629629629 0.00341880341880341 0 0 0 0 0 0 0 0 0 0 0 0 0 0 0 0 0 0 0 0 0 0 0 0 0 0
"237" 5 "MetsaHarvaTaimikko" 5 0 0 0.025 0 0.025 0 0 0 0 0 0 0 0 0 0 0 0 0 0 0 0 0 0 0 0 0 0 0 0 0 0
"238" 6 "MetsaHarvaTaimikko" 5 0 0.1 0 0 0 0.5 0 0 0 0 0 0 0 0 0 0 0 0 0 0 0 0 0 0 0 0 0 0 0 0 0
"239" 8 "MetsaHarvaTaimikko" 5 0 0 0 0 0 0 0 0 0 0 0 0 0 0 0 0 0 0 0 0 0 0 0 0 0 0 0 0 0 0 0
"240" 14 "MetsaHarvaTaimikko" 5 0 0 0 0 0 0 0 0 0 0 0 0 0 0 0 0 0 0 0 0 0 0 0 0 0 0 0 0 0 0 0
"241" 24 "MetsaHarvaTaimikko" 5 0 0.285714285714285 0 0 0 0 0 0 0 0 0 0 0 0 0 0 0 0 0 0 0 0 0 0.571428571428571 0 0 0 0 0 0 0
"242" 30 "MetsaHarvaTaimikko" 5 0 0 0 0 0 0 0 0 0 0 0 0 0 0 0 0 0 0 0 0 0 0 0 0 0 0 0 0 0.222222222222222 0 0
"243" 1 "MetsaKeskim" 5 0.0850424782601439 0.00315645185519002 0.000368033648790746 0.00104568290688164 0.000321299217198271 5.25762355415352e-05 7.51089079164788e-05 0 0 0 0 0 0 0 0 0 0 5.25762355415353e-05 0 0 0 0 0 0 0 0 0 0 0 0 0
"244" 2 "MetsaKeskim" 5 0.00152136383254208 0.114497614252146 0.000418405025655781 0.00186394044022443 0.000963890087757157 0.00114971466935213 0 0.000402819738167171 0.000646189996643169 0 0 0 0 0 0 0 0 0 0 0 0 0 0 0 0 0 0 0 0 0 0
"245" 3 "MetsaKeskim" 5 0.000272108843537414 0 0.0758492603390562 0.00834899038980671 0.00170068027210884 0 0 0 0.00072562358276644 0 0 0 0 0 0 0 0 0 0 0 0 0 0 0 0 0 0 0 0 0 0
"246" 4 "MetsaKeskim" 5 0.000119260584376863 0.00145762936460611 0.00380119449886892 0.110123425239704 0.000477042337507454 0.00232274185762558 0 0.000945566061845132 0.00127211290001988 0 0 0 0 0 0 0 0 0 0 0 0 0 0 0 0 0 0 0 0 0 0
"247" 5 "MetsaKeskim" 5 0 0 0 0.00784313725490196 0.125925925925926 0.0112044817927171 0 0.00560224089635854 0 0 0 0 0 0 0 0 0 0 0 0 0 0 0 0 0 0 0 0 0 0 0
"248" 6 "MetsaKeskim" 5 0 0.0015748031496063 0.0015748031496063 0 0 0.0875328083989502 0 0.00971128608923883 0.0041994750656168 0 0 0 0 0 0 0 0 0 0 0 0 0 0 0 0 0 0 0 0 0 0
"249" 7 "MetsaKeskim" 5 0 0.021978021978022 0 0.0153846153846154 0 0 0.0659340659340659 0 0.0153846153846154 0 0 0 0 0 0 0 0 0 0 0 0 0 0 0 0 0 0 0 0 0 0
"250" 8 "MetsaKeskim" 5 0 0 0 0 0 0 0 0.140740740740741 0 0 0 0 0 0 0 0 0 0 0 0 0 0 0 0 0 0 0 0 0 0 0
"251" 9 "MetsaKeskim" 5 0 0 0 0 0 0 0 0 0.112345679012346 0 0 0 0 0 0 0 0 0 0 0 0 0 0 0 0 0 0 0 0 0 0
"252" 14 "MetsaKeskim" 5 0 0 0 0 0 0 0 0 0 0 0 0 0 0.111111111111111 0 0 0 0 0 0 0 0 0 0 0 0 0 0 0 0 0
"253" 28 "MetsaKeskim" 5 0 0.0222222222222222 0 0 0 0 0 0.0222222222222222 0 0 0 0 0 0 0 0 0 0 0 0 0 0 0 0 0 0 0 0.133333333333333 0 0 0
"254" 1 "MetsaTiheaTaimikko" 5 0.0804307116104869 0.00224719101123595 0.00112359550561798 0.00337078651685393 0 0 0 0 0 0 0 0 0 0 0 0 0 0 0 0 0 0 0 0 0 0 0 0 0 0 0
"255" 2 "MetsaTiheaTaimikko" 5 0 0.076797385620915 0 0.00504201680672269 0 0 0 0.00672268907563025 0 0 0 0 0 0 0 0 0 0 0 0 0 0 0 0 0 0 0 0 0 0 0
"256" 3 "MetsaTiheaTaimikko" 5 0 0 0.116666666666667 0 0 0 0 0 0 0 0 0 0 0 0 0 0 0 0 0 0 0 0 0 0 0 0 0 0 0 0
"257" 4 "MetsaTiheaTaimikko" 5 0 0.0039057239057239 0.00242424242424242 0.0872895622895623 0 0.00839826839826839 0 0.000606060606060605 0.00121212121212121 0 0 0 0 0 0 0 0 0 0 0 0 0 0 0 0 0 0 0 0 0 0
"258" 5 "MetsaTiheaTaimikko" 5 0 0 0 0 0.0545454545454545 0 0 0 0.0181818181818182 0 0 0 0 0 0 0 0 0 0 0 0 0 0 0 0 0 0 0 0 0 0
"259" 8 "MetsaTiheaTaimikko" 5 0 0 0 0.0166666666666667 0 0 0 0.116666666666667 0 0 0 0 0 0 0 0 0 0 0 0 0 0 0 0 0 0 0 0.05 0 0 0
"260" 28 "MetsaTiheaTaimikko" 5 0 0 0 0 0 0 0 0 0 0 0 0 0 0 0 0 0 0 0 0 0 0 0 0 0 0 0 0 0 0 0
"261" 1 "MetsaVart" 5 0.0927901840233785 0.00202477006471736 0.000514516777465771 0.00134402261461356 0.000293042752133883 2.43187548797502e-05 0 4.4432010795333e-05 0.000112854004750881 0 0 0 0 0 0 0 0 1.15194102061974e-05 0 0 0 0 0 0 0 0 0 0 0 0 0
"262" 2 "MetsaVart" 5 0.000870348621100966 0.104060170340079 0.000305163975247302 0.00163023132424615 0.000571327890409107 0.000299124557335203 0.000170145068219813 0.000157741465782236 0.000141652735084219 0 0 0 0 0 0 0 0 0 0 0 0 0 0 0 0 0 0 0 0 0 0
"263" 3 "MetsaVart" 5 0.000492622036681893 0.00115740740740741 0.104508444068711 0.0188595350624033 0.00222269817432619 0.00136569779426922 0 0.000324675324675325 0.00111352548878227 0 0 0 0 0 0 0 0 0 0 0 0 0 0 0 0 0 0 0 0 0 0
"264" 4 "MetsaVart" 5 0.000195144349423176 0.0019284853354761 0.00392565762840254 0.114268682287767 0.00130876832805789 0.00170846964740095 8.03535556448373e-05 0.000180795500200884 0.000421856167135396 0 0 0 0 0 0 0 0 0 0 0 0 0 0 0 0 0 0 0 0 0 0
"265" 5 "MetsaVart" 5 0 0.000809552722121029 0.0024387775753896 0.00529678781044901 0.135671788410225 0.00327868852459017 0.0029996819614306 0.00469540578830196 0.00303582270795385 0 0 0 0 0 0 0 0 0 0 0 0 0 0 0 0 0 0 0.00136612021857924 0 0 0
"266" 6 "MetsaVart" 5 0 0 0 0.00874316939890712 0 0.107149362477231 0 0.00778688524590164 0.00737704918032786 0 0 0 0 0 0 0 0 0 0 0 0 0 0 0 0 0 0 0.00327868852459016 0 0 0
"267" 7 "MetsaVart" 5 0 0 0 0.0476190476190476 0 0.00952380952380954 0.248733905368362 0 0 0 0 0 0 0 0 0 0 0 0 0 0 0 0 0 0 0 0 0 0 0 0
"268" 8 "MetsaVart" 5 0 0 0 0 0 0 0 0 0.499999999999999 0 0 0 0 0 0 0 0 0 0 0 0 0 0 0 0 0 0 0 0 0 0
"269" 9 "MetsaVart" 5 0 0 0 0 0 0 0 0 0.154829353970814 0 0 0 0 0 0 0 0 0 0 0 0 0 0 0 0 0 0 0 0 0 0
"270" 24 "MetsaVart" 5 0 0 0 0 0 0 0 0 0 0 0 0 0 0 0 0 0 0 0 0 0 0 0 0 0 0 0 0 0 0 0
"271" 1 "MetsaHarvaTaimikko" 6 0.0850109409190372 0.00218818380743983 0 0.00048626306831996 0 0.00175054704595186 0 0 0 0 0 0 0 0 0 0 0 0 0 0 0 0 0 0 0 0 0 0 0 0 0
"272" 2 "MetsaHarvaTaimikko" 6 0.00167525773195876 0.126557641957126 0.00077319587628866 0.00308562428407789 0.00126718213058419 0.00367268041237114 0.00209867452135493 0.00168548519063983 0.000257731958762887 0 0 0 0 0 0 0 0 0.000257731958762887 0 0 0 0 0 0 0 0 0 0 0 0 0
"273" 3 "MetsaHarvaTaimikko" 6 0 0 0.0839621194693658 0.00966183574879226 0 0.00483091787439613 0 0 0 0 0 0 0 0 0 0 0 0 0 0 0 0 0 0 0 0 0 0 0 0 0
"274" 4 "MetsaHarvaTaimikko" 6 0 0 0 0.106222410068564 0 0 0 0.0152155536770921 0 0 0 0 0 0 0 0 0 0 0 0 0 0 0 0 0 0 0 0 0 0 0
"275" 5 "MetsaHarvaTaimikko" 6 0 0 0 0 0.191666666666667 0 0 0.0833333333333334 0 0 0 0 0 0 0 0 0 0 0 0 0 0 0 0 0 0 0 0 0 0 0
"276" 6 "MetsaHarvaTaimikko" 6 0 0 0.0388888888888889 0.01 0 0.145555555555556 0 0.00999999999999998 0 0 0 0 0 0 0 0 0 0 0 0 0 0 0 0 0 0 0 0 0 0 0
"277" 8 "MetsaHarvaTaimikko" 6 0.00869565217391305 0 0 0.0183574879227053 0 0 0 0.107246376811594 0 0 0 0 0 0 0 0 0 0 0 0 0 0 0 0 0 0 0 0 0 0 0
"278" 9 "MetsaHarvaTaimikko" 6 0 0 0 0 0 0 0 0 0 0 0 0 0 0 0 0 0 0 0 0 0 0 0 0 0 0 0 0 0 0 0
"279" 14 "MetsaHarvaTaimikko" 6 0 0 0 0 0 0 0 0 0 0 0 0 0 0.2 0 0 0 0 0 0 0 0 0 0 0 0 0 0 0 0 0
"280" 17 "MetsaHarvaTaimikko" 6 0 0 0 0 0 0 0 0 0 0 0 0 0 0 0 0 0.199999999999999 0 0 0 0 0 0 0 0 0 0 0 0 0 0
"281" 28 "MetsaHarvaTaimikko" 6 0 0 0 0 0 0 0 0 0 0 0 0 0 0 0 0 0 0 0 0 0 0 0 0 0 0 0 0.200000000000001 0 0 0
"282" 30 "MetsaHarvaTaimikko" 6 0 0 0 0 0 0 0 0 0 0 0 0 0 0 0 0 0 0 0 0 0 0 0 0 0 0 0 0 0 0.1 0
"283" 1 "MetsaKeskim" 6 0.0850917326133758 0.00383999805999466 0.000762934042513062 0.000559098759743812 0.000294234142477225 0.000169750466813784 0 0 0.000135800373451027 0 0 0 0 0 0 0 0 0.00010185028008827 0 0 0 0 0 0 0 0 0 0 0 3.39500933627567e-05 0
"284" 2 "MetsaKeskim" 6 0.00180166080972774 0.115796425133145 0.00124039058906104 0.00148533868282897 0.000239020017926501 0.0022654734635613 0 0.000435357889794699 5.97550044816252e-05 0 0 0 0 0 0 0 0 0 0 0 0 0 0 0 0 0 0 0.000358530026889752 0 0 0
"285" 3 "MetsaKeskim" 6 0.000392156862745098 0.00214667685255921 0.0835875562346151 0.00725320431202784 0.000478312537136067 0.00110007639419404 0.00106951871657754 0.000106951871657754 0.000213903743315508 0 0 0 0 0 0 0 0 0.000106951871657754 0 0 0 0 0 0 0 0 0 0 0 0 0
"286" 4 "MetsaKeskim" 6 0.00039437585733882 0.00123548647854203 0.00433201058201058 0.107482424554184 0.00119047619047619 0.0020370982755242 0.000385802469135803 0.000540123456790124 0.000250771604938272 0 0 0 0 0 0 0 0 0 0 0 0 0 0 0 0 0 0 0 0 7.71604938271604e-05 0
"287" 5 "MetsaKeskim" 6 0 0 0 0.00166666666666666 0.103105616192094 0.00500000000000001 0 0.00541666666666667 0 0 0 0 0 0 0 0 0 0 0 0 0 0 0 0 0 0 0 0 0 0 0
"288" 6 "MetsaKeskim" 6 0 0.00380297823596792 0.00117820324005891 0.00489608901980036 0.003240058910162 0.125328096874489 0 0.0147766323024055 0.00700049091801669 0 0 0 0 0 0 0 0 0 0 0 0 0 0 0 0 0 0 0.000412371134020618 0 0 0
"289" 7 "MetsaKeskim" 6 0 0.021505376344086 0 0 0 0 0.143573988735279 0 0 0 0 0 0 0 0 0 0 0 0 0 0 0 0 0 0 0 0 0 0 0 0
"290" 8 "MetsaKeskim" 6 0 0 0 0 0.00454545454545455 0.00959595959595958 0.00505050505050506 0.137193362193362 0 0 0 0 0 0 0 0 0 0 0 0 0 0 0 0 0 0 0 0 0 0 0
"291" 9 "MetsaKeskim" 6 0 0.0168350168350168 0 0 0 0.0162337662337662 0 0 0.173641173641174 0 0 0 0 0 0 0 0 0 0 0 0 0 0 0 0 0 0 0 0 0 0
"292" 14 "MetsaKeskim" 6 0 0.005 0 0 0 0 0 0 0 0 0 0 0 0.095 0 0 0 0 0 0 0 0 0 0 0 0 0 0 0 0 0
"293" 28 "MetsaKeskim" 6 0 0 0 0 0 0 0 0 0 0 0 0 0 0 0 0 0 0 0 0 0 0 0 0 0 0 0 0.0999999999999999 0 0 0
"294" 1 "MetsaTiheaTaimikko" 6 0.111637272192828 0.00329218106995885 0.000823045267489711 0.000823045267489713 0 0 0 0.000823045267489713 0 0 0 0 0 0 0 0 0 0.000823045267489712 0 0 0 0 0 0 0 0 0 0 0 0 0
"295" 2 "MetsaTiheaTaimikko" 6 0 0.112863534675615 0 0 0.00134228187919463 0.00134228187919463 0 0.00191754554170661 0 0 0 0 0 0 0 0 0 0 0 0 0 0 0 0 0 0 0 0 0 0 0
"296" 3 "MetsaTiheaTaimikko" 6 0.00363636363636363 0.00909090909090907 0.0909090909090909 0.0315151515151515 0 0 0 0.00727272727272728 0.00818181818181818 0 0 0 0 0 0 0 0 0 0 0 0 0 0 0 0 0 0 0 0 0 0
"297" 4 "MetsaTiheaTaimikko" 6 0 0.00066137566137566 0.00694444444444444 0.066383744855967 0.00138888888888889 0.000771604938271603 0 0.00972222222222222 0.000771604938271605 0 0 0 0 0 0 0 0 0 0 0 0 0 0 0 0 0 0 0 0 0 0
"298" 5 "MetsaTiheaTaimikko" 6 0 0 0.05 0 0.0999999999999998 0 0 0 0 0 0 0 0 0 0 0 0 0 0 0 0 0 0 0 0 0 0 0 0 0 0
"299" 6 "MetsaTiheaTaimikko" 6 0 0 0 0 0 0.0983164983164982 0.00757575757575757 0.00673400673400673 0 0 0 0 0 0 0 0 0 0 0 0 0 0 0 0 0 0 0 0 0 0 0
"300" 8 "MetsaTiheaTaimikko" 6 0 0.00285714285714285 0 0.0142857142857143 0.00571428571428572 0.0228571428571429 0 0.111371882086168 0.00571428571428571 0 0 0 0 0 0 0 0 0 0 0 0 0 0 0 0 0 0 0.00285714285714285 0 0 0
"301" 30 "MetsaTiheaTaimikko" 6 0 0 0 0 0 0 0 0 0 0 0 0 0 0 0 0 0 0 0 0 0 0 0 0 0 0 0 0 0 0 0
"302" 1 "MetsaVart" 6 0.095272206503375 0.00178295622557514 0.000937039940654081 0.00137779684779588 0.000385699265747619 0.000100874698729927 0.000184532057982199 0.000155357997181054 5.88999918758633e-05 0 0 0 0 0 0 0 0 7.53739359637483e-05 0 0 0 0 0 0 0 0 0 0 0 0 0
"303" 2 "MetsaVart" 6 0.00120728182287844 0.102664147861826 0.00058202887871036 0.00106931587362644 0.000481280100294648 0.000738470681724818 0.000179387976375673 6.12831754113044e-05 2.38650827322868e-05 0 0 0 0 0 0 0 0 6.21249772713498e-05 0 0 0 0 0 0 0 0 0 1.32583792957149e-05 0 0 0
"304" 3 "MetsaVart" 6 0.000648410368000934 0.000609558918639244 0.100501190689807 0.0112044274442412 0.00104165179020057 0.00348827540329287 0.000519707300848162 0.00049776410370124 0.000174621653084983 0 0 0 0 0 0 0 0 0 0 0 0 0 0 0 0 0 0 0.000249459504407118 0 0 0
"305" 4 "MetsaVart" 6 0.000421530479896239 0.00113064384051873 0.00423335083465584 0.116352513760671 0.0012666044059683 0.00442195252506537 0.00171726061803883 0.00083148045210302 0.000887066889012415 0 0 0 0 0 0 0 0 0 0 0 0 0 0 0 0 0 0 0 0 0 0
"306" 5 "MetsaVart" 6 0 0.00297658969691163 0.00410272620881429 0.00434032768036792 0.139919347837435 0.005218613266903 0.0018827249209543 0.00584618824055443 0.0020567851553767 0 0 0 0 0 0 0 0 0 0 0 0 0 0 0 0 0 0 0 0 0 0
"307" 6 "MetsaVart" 6 0 0.00171232876712329 0 0.00684931506849315 0.00380517503805175 0.0912154816264405 0.00273972602739727 0 0.00171232876712329 0 0 0 0 0 0 0 0 0 0 0 0 0 0 0 0 0 0 0 0 0 0
"308" 7 "MetsaVart" 6 0.00325982742090124 0 0 0 0.00628382667433114 0.00268456375838926 0.132067948351162 0 0 0 0 0 0 0 0 0 0 0 0 0 0 0 0 0 0 0 0 0 0 0 0
"309" 8 "MetsaVart" 6 0 0 0 0.0222222222222223 0 0.0222222222222222 0 0.244444444444445 0 0 0 0 0 0 0 0 0 0 0 0 0 0 0 0 0 0 0 0 0 0 0
"310" 9 "MetsaVart" 6 0 0 0 0 0 0 0 0 0.103852780270321 0 0 0 0 0 0 0 0 0 0 0 0 0 0 0 0 0 0 0 0 0 0
"311" 11 "MetsaVart" 6 0 0 0 0 0 0 0 0 0 0 0.107692307692308 0 0 0 0 0 0 0 0 0 0 0 0 0 0 0 0 0 0 0 0
"312" 12 "MetsaVart" 6 0 0 0 0 0 0 0 0 0 0 0 0.0727272727272727 0 0 0 0 0 0 0 0 0 0 0 0 0 0 0 0 0 0 0
"313" 14 "MetsaVart" 6 0 0 0.00526315789473684 0 0 0 0 0 0 0 0 0 0 0.1295180980987 0 0 0 0 0 0 0 0 0 0 0 0 0 0 0 0 0
"314" 24 "MetsaVart" 6 0 0 0 0 0 0 0 0.0999999999999998 0 0 0 0 0 0 0 0 0 0 0 0 0 0 0 0 0 0 0 0 0 0 0
"315" 28 "MetsaVart" 6 0 0 0 0 0 0 0 0.025 0 0 0 0 0 0 0 0 0 0 0 0 0 0 0 0 0 0 0 0.191666666666667 0 0 0
"316" 1 "MetsaHarvaTaimikko" 7 0.094339302672636 0.00211640211640212 0.00113960113960114 0.000569800569800569 0.00056980056980057 0.000284900284900284 0 0.000407000407000406 0 0 0 0 0 0 0 0 0 0 0 0 0 0 0 0 0 0 0 0 0 0 0
"317" 2 "MetsaHarvaTaimikko" 7 0.00309372156505915 0.100040440804772 0.000636942675159234 0.0168385400869477 0.0029723991507431 0.00318471337579618 0 0 0 0 0 0 0 0 0 0 0 0.000636942675159234 0 0 0 0 0 0 0 0 0 0 0 0 0
"318" 3 "MetsaHarvaTaimikko" 7 0 0 0.15959595959596 0.00909090909090911 0 0 0 0 0 0 0 0 0 0 0 0 0 0 0 0 0 0 0 0 0 0 0 0 0 0 0
"319" 4 "MetsaHarvaTaimikko" 7 0.00531400966183574 0 0.00144927536231884 0.130475040257649 0.00434782608695652 0.00289855072463768 0 0.0101449275362319 0 0 0 0 0 0 0 0 0 0 0 0 0 0 0 0 0 0 0 0 0 0 0
"320" 5 "MetsaHarvaTaimikko" 7 0 0 0.08 0 0.08 0 0 0 0 0 0 0 0 0 0 0 0 0 0 0 0 0 0 0 0 0 0 0 0 0 0
"321" 6 "MetsaHarvaTaimikko" 7 0 0 0 0 0 0 0 0 0 0 0 0 0 0 0 0 0 0 0 0 0 0 0 0 0 0 0 0 0 0 0
"322" 8 "MetsaHarvaTaimikko" 7 0 0 0 0.2 0 0 0 0.1 0 0 0 0 0 0 0 0 0 0 0 0 0 0 0 0 0 0 0 0 0 0 0
"323" 9 "MetsaHarvaTaimikko" 7 0 0 0 0 0 0 0 0 0 0 0 0 0 0 0 0 0 0 0 0 0 0 0 0 0 0 0 0 0 0 0
"324" 14 "MetsaHarvaTaimikko" 7 0 0 0 0 0 0 0 0 0 0 0 0 0 0.0666666666666665 0 0 0 0 0 0 0 0 0 0 0 0 0 0 0 0 0
"325" 1 "MetsaKeskim" 7 0.0912286655051928 0.00197650567425487 0.000185877195523498 0.00249144413131551 6.95228991048927e-05 0 0 3.47614495524464e-05 0.000106215540299142 0 0 0 0 0 0 0 0 0 0 0 0 0 0 0 0 0 0 0 0 0 0
"326" 2 "MetsaKeskim" 7 0.00290022675736962 0.112258719594974 0.000857142857142857 0.00411281179138322 0.000285714285714286 0.000775510204081633 0.00102040816326531 0.000380952380952382 0 0 0 0 0 0 0 0 0 0.000285714285714286 0 0 0 0 0 0 0 0 0 0 0 0 0
"327" 3 "MetsaKeskim" 7 0.000899685110211426 0 0.0814407814407814 0.021283979178716 0 0.00462695199537305 0.00231347599768652 0 0 0 0 0 0 0 0 0 0 0 0 0 0 0 0 0 0 0 0 0 0 0 0
"328" 4 "MetsaKeskim" 7 0.000428724544480172 0.000428724544480171 0.00241951490611726 0.117106166034355 0.00131282714348095 0.000351315946171252 0 7.14540907466953e-05 0.000619268786471359 0 0 0 0 0 0 0 0 0 0 0 0 0 0 0 0 0 0 0 0 0 0
"329" 5 "MetsaKeskim" 7 0 0.0102564102564102 0 0 0.135375118708452 0.00641025641025641 0 0.00512820512820512 0.00213675213675213 0 0 0 0 0 0 0 0 0 0 0 0 0 0 0 0 0 0 0 0 0 0
"330" 6 "MetsaKeskim" 7 0 0 0 0 0.00725995316159251 0.126749934946656 0 0.00368852459016394 0.00398126463700234 0 0 0 0 0 0 0 0 0 0 0 0 0 0 0 0 0 0 0 0 0 0
"331" 7 "MetsaKeskim" 7 0 0 0 0 0 0 0.0999999999999998 0 0 0 0 0 0 0 0 0 0 0 0 0 0 0 0 0 0 0 0 0 0 0 0
"332" 8 "MetsaKeskim" 7 0 0 0 0.0400000000000001 0 0 0 0.24 0 0 0 0 0 0 0 0 0 0 0 0 0 0 0 0 0 0 0 0 0 0 0
"333" 9 "MetsaKeskim" 7 0 0 0 0 0 0 0 0 0.0333333333333333 0 0 0 0 0 0 0 0 0 0 0 0 0 0 0 0 0 0 0 0 0 0
"334" 14 "MetsaKeskim" 7 0 0 0 0 0 0 0 0 0 0 0 0 0 0.1 0 0 0 0 0 0 0 0 0 0 0 0 0 0 0 0 0
"335" 21 "MetsaKeskim" 7 0 0 0 0 0 0 0 0 0 0 0 0 0 0 0 0 0 0 0 0 0 0 0 0 0 0 0 0 0 0 0
"336" 1 "MetsaTiheaTaimikko" 7 0.111000032196787 0.00108181203515889 0.00180302005859815 0.000811359026369168 0 0.000856434527834122 0 0 0 0 0 0 0 0 0 0 0 0 0 0 0 0 0 0 0 0 0 0 0 0 0
"337" 2 "MetsaTiheaTaimikko" 7 0 0.126863572433193 0.00361663652802892 0.0126582278481013 0 0 0 0 0 0 0 0 0 0 0 0 0 0 0 0 0 0 0 0 0 0 0 0 0 0 0
"338" 3 "MetsaTiheaTaimikko" 7 0 0 0.13015873015873 0 0 0 0 0 0 0 0 0 0 0 0 0 0 0 0 0 0 0 0 0 0 0 0 0 0 0 0
"339" 4 "MetsaTiheaTaimikko" 7 0 0.00251097025841053 0.00204778156996587 0.157771276883905 0 0 0 0 0 0 0 0 0 0 0 0 0 0 0 0 0 0 0 0 0 0 0 0 0 0 0
"340" 5 "MetsaTiheaTaimikko" 7 0 0 0.2 0 0 0 0 0 0 0 0 0 0 0 0 0 0 0 0 0 0 0 0 0 0 0 0 0 0 0 0
"341" 6 "MetsaTiheaTaimikko" 7 0 0 0 0 0 0.0357142857142857 0 0 0 0 0 0 0 0 0 0 0 0 0 0 0 0 0 0 0 0 0 0 0 0 0
"342" 8 "MetsaTiheaTaimikko" 7 0 0 0 0 0 0 0 0.3 0 0 0 0 0 0 0 0 0 0 0 0 0 0 0 0 0 0 0 0 0 0 0
"343" 21 "MetsaTiheaTaimikko" 7 0 0 0 0 0 0 0 0 0 0 0 0 0 0 0 0 0 0 0 0 0.649999999999999 0 0 0 0 0 0 0 0 0 0
"344" 1 "MetsaVart" 7 0.0944777723383975 0.00193543600212356 0.000253127792656634 0.00180364157269469 0.000178278413887691 2.03030226124915e-05 0 1.4212115828744e-05 3.7306804050453e-05 0 0 0 0 0 0 0 0 0 0 0 0 0 0 0 0 0 0 0 0 0 0
"345" 2 "MetsaVart" 7 0.00108546002199269 0.108415382233107 0.000140223965394276 0.00214417844749598 0.000640865288006003 9.99176354626592e-05 0 0.000125572163486856 7.83138223896517e-05 0 0 0 0 0 0 0 0 0 0 0 0 0 0 0 0 0 0 0 0 0 0
"346" 3 "MetsaVart" 7 0 0.00117592146969243 0.100410523534761 0.0274301267096656 0.0017565527651983 0.00144092219020173 0 0 0.000411692054343351 0 0 0 0 0 0 0 0 0 0 0 0 0 0 0 0 0 0 0 0 0 0
"347" 4 "MetsaVart" 7 6.36334712058542e-05 0.00106838578044432 0.00301854966188406 0.114995239339138 0.000509067769646835 0.000190900413617563 7.07038568953938e-05 0 0.000381800827235125 0 0 0 0 0 0 0 0 0 0 0 0 0 0 0 0 0 0 0 0 0 0
"348" 5 "MetsaVart" 7 0 0.00193798449612403 0.00058139534883721 0.00478036175710594 0.113334661464116 0.0142118863049096 0 0.00232558139534884 0.00318152454780362 0 0 0 0 0 0 0 0 0 0 0 0 0 0 0 0 0 0 0 0 0 0
"349" 6 "MetsaVart" 7 0 0 0 0 0 0.0815412186379928 0 0 0 0 0 0 0 0 0 0 0 0 0 0 0 0 0 0 0 0 0 0 0 0 0
"350" 8 "MetsaVart" 7 0 0 0 0.111111111111111 0 0 0 0.111111111111111 0 0 0 0 0 0 0 0 0 0 0 0 0 0 0 0 0 0 0 0 0 0 0
"351" 9 "MetsaVart" 7 0 0 0 0 0 0 0 0 0.179166666666667 0 0 0 0 0 0 0 0 0 0 0 0 0 0 0 0 0 0 0 0 0 0
"352" 14 "MetsaVart" 7 0 0 0 0 0 0 0 0 0 0 0 0 0 0.106122448979592 0 0 0 0 0 0 0 0 0 0 0 0 0 0 0 0 0
"353" 1 "MetsaHarvaTaimikko" 8 0.0679551820728291 0.00357298474945534 0 0.00205882352941176 0.000392156862745098 0 0 0 0 0 0 0 0 0 0 0 0 0 0 0 0 0 0 0 0 0 0 0 0 0 0
"354" 2 "MetsaHarvaTaimikko" 8 0.00209235209235209 0.0991181657848324 0.000252525252525252 0.00579004329004329 0 0.000865800865800866 0 0.00101010101010101 0.00101010101010101 0 0 0 0 0 0 0 0 0.000315656565656565 0 0 0 0 0 0 0 0 0 0 0 0 0
"355" 3 "MetsaHarvaTaimikko" 8 0 0 0.100970873786408 0.00776699029126213 0.00194174757281553 0.00776699029126213 0 0 0 0 0 0 0 0 0 0 0 0 0 0 0 0 0 0 0 0 0 0 0 0 0
"356" 4 "MetsaHarvaTaimikko" 8 0 0.00672268907563025 0.0151260504201681 0.0766173135921035 0 0 0 0.00504201680672269 0 0 0 0 0 0 0 0 0 0 0 0 0 0 0 0 0 0 0 0 0 0 0
"357" 5 "MetsaHarvaTaimikko" 8 0 0 0 0 0 0 0 0 0 0 0 0 0 0 0 0 0 0 0 0 0 0 0 0 0 0 0 0 0 0 0
"358" 6 "MetsaHarvaTaimikko" 8 0 0 0 0 0 0.0701298701298701 0 0 0 0 0 0 0 0 0 0 0 0 0 0 0 0 0 0 0 0 0 0 0 0 0
"359" 8 "MetsaHarvaTaimikko" 8 0 0 0 0.0857142857142857 0 0 0 0.142857142857143 0 0 0 0 0 0 0 0 0 0 0 0 0 0 0 0 0 0 0 0 0 0 0
"360" 14 "MetsaHarvaTaimikko" 8 0 0 0 0 0 0 0 0 0 0 0 0 0 0 0 0 0 0 0 0 0 0 0 0 0 0 0 0 0 0 0
"361" 1 "MetsaKeskim" 8 0.0864055667571088 0.00376735203577859 0.000592437706917581 0.00131296724997718 0.000163355985363304 0.000121972469071267 0 2.61369576581287e-05 2.61369576581286e-05 0 0 0 0 0 0 0 0 0 0 0 0 0 0 0 0 0 0 0 0 0 0
"362" 2 "MetsaKeskim" 8 0.00110872675250358 0.112568408383859 0.00138463110566115 0.00360549083725049 0.000976167768013262 0.00128755364806867 0.000178826895565093 0.000286123032904149 0.000429184549356223 0 0 0 0 0 0 0 0 0 0 0 0 0 0 0 0 0 0 0 0 0.000143061516452075 0
"363" 3 "MetsaKeskim" 8 0.000181818181818182 0.00145454545454545 0.089020202020202 0.010001443001443 0.000181818181818182 0.00133333333333333 0 0.0015 0.000363636363636364 0 0 0 0 0 0 0 0 0 0 0 0 0 0 0 0 0 0 0 0 0 0
"364" 4 "MetsaKeskim" 8 0.000696257615317667 0.00239096799149018 0.00605564535068452 0.11109384281708 0.000472460524679846 0.00106614447345518 0 0.000466589304709409 0.00088931714258085 0 0 0 0 0 0 0 0 0 0 0 0 0 0 0 0 0 0 0 0 0 0
"365" 5 "MetsaKeskim" 8 0.00136054421768707 0 0 0.00340136054421769 0.0986394557823129 0.00729402872260015 0 0.0036281179138322 0 0 0 0 0 0 0 0 0 0 0 0 0 0 0 0 0 0 0 0 0 0 0
"366" 6 "MetsaKeskim" 8 0 0.00486842105263158 0 0.000526315789473684 0.00171052631578947 0.123504594820384 0 0.00508771929824562 0.00539473684210527 0 0 0 0 0 0 0 0 0 0 0 0.000584795321637426 0 0 0 0 0 0 0.00385964912280702 0 0 0
"367" 7 "MetsaKeskim" 8 0 0 0 0 0 0 0 0 0 0 0 0 0 0 0 0 0 0 0 0 0 0 0 0 0 0 0 0 0 0 0
"368" 8 "MetsaKeskim" 8 0 0 0 0 0.0142857142857143 0.0142857142857142 0 0.214285714285714 0.0142857142857143 0 0 0 0 0 0 0 0 0 0 0 0 0 0 0 0 0 0 0 0 0 0
"369" 9 "MetsaKeskim" 8 0 0.0153846153846154 0 0 0.0153846153846154 0.0076923076923077 0 0 0.146153846153846 0 0 0 0 0 0 0 0 0 0 0 0 0 0 0 0 0 0 0 0 0 0
"370" 14 "MetsaKeskim" 8 0 0 0 0 0 0 0 0 0 0 0 0 0 0.117647058823529 0 0 0 0 0 0 0 0 0 0 0 0 0 0 0 0 0
"371" 28 "MetsaKeskim" 8 0 0 0 0 0 0 0 0 0 0 0 0 0 0 0 0 0 0 0 0 0 0 0 0 0 0 0 0.5 0 0 0
"372" 1 "MetsaTiheaTaimikko" 8 0.0930611446456517 0.0017102615694165 0.00100603621730382 0.000704225352112676 0 0 0 0 0 0 0 0 0 0 0 0 0 0 0 0 0 0 0 0 0 0 0 0 0 0 0
"373" 2 "MetsaTiheaTaimikko" 8 0 0.123748043818466 0 0.0116197183098591 0 0.00845070422535212 0 0.00140845070422535 0.00352112676056338 0 0 0 0 0 0 0 0 0 0 0 0.00140845070422535 0 0 0 0 0 0 0 0 0.00176056338028169 0
"374" 3 "MetsaTiheaTaimikko" 8 0 0 0.0576923076923077 0.00384615384615384 0 0 0 0 0 0 0 0 0 0 0 0 0 0 0 0 0 0 0 0 0 0 0 0 0 0 0
"375" 4 "MetsaTiheaTaimikko" 8 0 0.00447761194029851 0.00717839374555793 0.0950702835031193 0.000995024875621889 0.00248756218905473 0.000710732054015634 0.00270078180525941 0.000497512437810946 0 0 0 0 0 0 0 0 0 0 0 0 0 0 0 0 0 0 0.000710732054015636 0 0.00120824449182658 0
"376" 5 "MetsaTiheaTaimikko" 8 0 0 0 0 0.285714285714286 0 0 0 0 0 0 0 0 0 0 0 0 0 0 0 0 0 0 0 0 0 0 0 0 0 0
"377" 6 "MetsaTiheaTaimikko" 8 0 0 0 0 0 0.2 0 0.0599999999999999 0 0 0 0 0 0 0 0 0 0 0 0 0 0 0 0 0 0 0 0 0 0 0
"378" 8 "MetsaTiheaTaimikko" 8 0 0 0 0.02 0.07 0.04 0 0.108888888888889 0 0 0 0 0 0 0 0 0 0 0 0 0 0 0 0 0 0 0 0 0 0 0
"379" 1 "MetsaVart" 8 0.0893557807528189 0.00289946498558507 0.000571972649836153 0.00161880563411049 0.000162843705061699 0.000197324902178422 9.60997900219587e-06 2.01809559046113e-05 0.000174251764857219 0 0 0 0 6.95227328829154e-06 0 0 0 2.09283987158932e-05 0 0 0 0 0 0 0 0 0 0 0 0 0
"380" 2 "MetsaVart" 8 0.00132618790796683 0.10265502856346 0.000592733907329637 0.00184578750001063 0.000358642233278552 0.0003951038576929 6.05611571513237e-05 0.000153068207805501 0.00019121021993671 0 0 0 0 0 0 0 0 1.07117990466499e-05 0 0 0 0 0 0 0 0 0 0 0 0 0
"381" 3 "MetsaVart" 8 0.000114810562571756 0.000980445756565159 0.103210920623453 0.0170411308485307 0.00116860751189109 0.00055765130391996 0 0.000229621125143513 0.000465616650387176 0 0 0 0 0 0 0 0 0 0 0 0 0 0 0.000114810562571757 0 0 0 0 0 0 0
"382" 4 "MetsaVart" 8 0.000789358383801817 0.00213723978822859 0.0063168096048961 0.114887743902406 0.000771470160116448 0.003136711258982 0.00024745269286754 0.000899239851204917 0.000844250363901018 0 0 0 0 0 0 0 0 0 0 0 0 0 0 0 0 0 0 0 0 0 0
"383" 5 "MetsaVart" 8 0 0.000516795865633073 0.000930232558139535 0.00571428571428571 0.139611101793502 0.00819490586932447 0.000775193798449613 0.00636212624584718 0.00318936877076412 0 0 0 0 0 0 0 0 0 0 0 0 0 0 0.000465116279069767 0 0 0 0 0 0 0
"384" 6 "MetsaVart" 8 0 0 0 0 0 0.122435897435897 0 0 0.0032051282051282 0 0 0 0 0 0 0 0 0 0 0 0 0 0 0 0 0 0 0 0 0 0
"385" 7 "MetsaVart" 8 0 0 0 0 0 0.00425531914893618 0.117021276595745 0 0 0 0 0 0 0 0 0 0 0 0 0 0 0 0 0 0 0 0 0 0 0 0
"386" 8 "MetsaVart" 8 0 0 0 0 0 0 0 0 0 0 0 0 0 0 0 0 0 0 0 0 0 0 0 0 0 0 0 0 0 0 0
"387" 9 "MetsaVart" 8 0 0.0375 0 0 0 0.0125 0 0 0.0165932590921618 0 0 0 0 0 0 0 0 0 0 0 0 0 0 0 0 0 0 0 0 0 0
"388" 11 "MetsaVart" 8 0.00303030303030303 0.00303030303030303 0 0 0 0 0 0 0 0 0.127272727272727 0 0 0 0 0 0 0 0 0 0 0 0 0 0 0 0 0 0 0 0
"389" 14 "MetsaVart" 8 0 0.0181818181818182 0 0 0 0 0 0 0 0 0 0 0 0.0363636363636364 0 0 0 0 0 0 0 0 0 0 0 0 0 0 0 0 0
"390" 30 "MetsaVart" 8 0 0 0 0 0 0 0 0 0 0 0 0 0 0 0 0 0 0 0 0 0 0 0 0.2 0 0 0 0 0 0 0
"391" 1 "MetsaHarvaTaimikko" 9 0.0755092592592593 0.00285714285714285 0.000833333333333334 0.0025 0.000833333333333334 0.00714285714285714 0 0 0 0 0 0 0 0 0 0 0 0 0 0 0 0 0 0 0 0 0 0 0 0 0
"392" 2 "MetsaHarvaTaimikko" 9 0.00124826629680998 0.0964291218105365 0 0.00507011866235167 0.000554785020804439 0.000554785020804438 0 0.00144860533210048 0.000554785020804439 0 0 0 0 0 0 0 0 0 0 0 0 0 0 0 0 0 0 0 0 0 0
"393" 3 "MetsaHarvaTaimikko" 9 0 0 0.0807692307692308 0.00692307692307694 0 0.0153846153846154 0 0 0.00307692307692308 0 0 0 0 0 0 0 0 0 0 0 0 0 0 0 0 0 0 0 0 0 0
"394" 4 "MetsaHarvaTaimikko" 9 0.00516129032258064 0.00806451612903225 0.00802867383512545 0.106236559139785 0.0014336917562724 0.00129032258064516 0 0 0 0 0 0 0 0 0 0 0 0 0 0 0 0 0 0 0 0 0 0 0 0 0
"395" 5 "MetsaHarvaTaimikko" 9 0 0 0 0 0.0333333333333332 0 0 0 0 0 0 0 0 0 0 0 0 0 0 0 0 0 0 0 0 0 0 0 0 0 0
"396" 6 "MetsaHarvaTaimikko" 9 0 0 0 0 0 0.211111111111111 0 0 0 0 0 0 0 0 0 0 0 0 0 0 0 0 0 0 0 0 0 0 0 0 0
"397" 8 "MetsaHarvaTaimikko" 9 0 0 0 0 0 0.0158730158730158 0 0.199206349206349 0 0 0 0 0 0 0 0 0 0 0 0 0 0 0 0 0 0 0 0.0317460317460318 0 0 0
"398" 9 "MetsaHarvaTaimikko" 9 0 0 0 0 0 0.04 0 0 0.56 0 0 0 0 0 0 0 0 0 0 0 0 0 0 0 0 0 0 0 0 0 0
"399" 14 "MetsaHarvaTaimikko" 9 0 0 0 0 0 0 0 0 0 0 0 0 0 0.0666666666666666 0 0 0 0 0 0 0 0 0 0 0 0 0 0 0 0 0
"400" 30 "MetsaHarvaTaimikko" 9 0 0 0 0 0 0 0 0 0 0 0 0 0 0 0 0 0 0 0 0 0 0 0 0 0 0 0 0 0 0 0
"401" 1 "MetsaKeskim" 9 0.0820306457849961 0.00299080672485545 0.000200599381283836 0.00114352005303281 0.000135344160866203 0.000372886973815048 0 2.90023201856149e-05 0.000116009280742459 0 0 0 0 0 0 0 0 0 0 0 0 0 0 0 0 0 0 0 0 0 0
"402" 2 "MetsaKeskim" 9 0.000785222925074658 0.114737956893837 0.000141842618300242 0.0026401490937656 0.000507580311226875 0.000845331119825209 0 0.000691244239631337 0.000622549159916421 0 0 0 0 0 0 0 0 0.000114491799524859 0 0 0 0 0 0 0 0 0 0 0 0 0
"403" 3 "MetsaKeskim" 9 0.000319318786588611 0.00151803137433792 0.0855389982851398 0.00526875997871208 0.000266098988823842 0.00177399325882562 0 0.000798296966471527 0.000106439595529537 0 0 0 0 0 0 0 0 0 0 0 0 0 0 0 0 0 0 0.000106439595529537 0 0 0
"404" 4 "MetsaKeskim" 9 4.52488687782805e-05 0.00127199597787833 0.00385574939430961 0.106760447902385 0.00131977720153797 0.00146735617323853 0 0.00107591754650578 0.000617682970624147 0 0 0 0 0 0 0 0 0 0 0 5.65610859728506e-05 0 0 0 0 0 0 0 0 0 0
"405" 5 "MetsaKeskim" 9 0 0 0.0034965034965035 0 0.14022644022644 0.034965034965035 0 0.0293706293706293 0.0027972027972028 0 0 0 0 0 0 0 0 0 0 0 0 0 0 0 0 0 0 0 0 0 0
"406" 6 "MetsaKeskim" 9 0 0.00201680672268908 0.00115246098439376 0.00257703081232493 0.00265572895824997 0.12187941843404 0.00130718954248366 0.00907563025210084 0.00613445378151261 0 0 0 0 0 0 0 0 0 0 0 0 0 0 0 0 0 0 0.000672268907563025 0 0 0
"407" 7 "MetsaKeskim" 9 0 0 0 0 0 0 0.0740740740740741 0 0 0 0 0 0 0 0 0 0 0 0 0 0 0 0 0 0 0 0 0 0 0 0
"408" 8 "MetsaKeskim" 9 0.0108108108108108 0.0108108108108108 0 0 0.00540540540540541 0 0 0.132432432432432 0 0 0 0 0 0 0 0 0 0 0 0 0 0 0 0 0 0 0 0 0 0 0
"409" 9 "MetsaKeskim" 9 0 0 0 0 0.00246913580246913 0.00802469135802469 0 0.00493827160493827 0.152263374485597 0 0 0 0 0 0 0 0 0 0 0 0 0 0 0 0 0 0 0 0 0 0
"410" 11 "MetsaKeskim" 9 0 0 0 0.0125 0 0 0 0 0 0 0.1 0 0 0 0 0 0 0 0 0 0 0 0 0 0 0 0 0 0 0 0
"411" 14 "MetsaKeskim" 9 0 0.0132075471698113 0 0 0 0 0 0.00628930817610063 0 0 0 0 0 0.05 0 0 0 0 0 0 0 0 0 0 0 0 0 0 0 0 0
"412" 28 "MetsaKeskim" 9 0 0 0 0 0 0 0 0.2 0 0 0 0 0 0 0 0 0 0 0 0 0 0 0 0 0 0 0 0 0 0 0
"413" 1 "MetsaTiheaTaimikko" 9 0.118996415770609 0.0064516129032258 0 0.00161290322580645 0 0 0 0 0 0 0 0 0 0 0 0 0 0 0 0 0 0 0 0 0 0 0 0 0 0 0
"414" 2 "MetsaTiheaTaimikko" 9 0 0.122936507936508 0 0 0 0 0 0 0.00357142857142857 0 0 0 0 0 0 0 0 0 0 0 0 0 0 0 0 0 0 0 0 0 0
"415" 3 "MetsaTiheaTaimikko" 9 0 0 0.0636363636363636 0 0 0 0 0 0 0 0 0 0 0 0 0 0 0 0 0 0 0 0 0 0 0 0 0 0 0 0
"416" 4 "MetsaTiheaTaimikko" 9 0 0.00407376823561795 0.00852065938771141 0.074529773373704 0.00115606936416185 0 0 0.00269749518304432 0 0 0 0 0 0 0 0 0 0 0 0 0 0 0 0 0 0 0 0 0 0 0
"417" 5 "MetsaTiheaTaimikko" 9 0 0 0 0 0.1 0 0 0 0 0 0 0 0 0 0 0 0 0 0 0 0 0 0 0 0 0 0 0 0 0 0
"418" 6 "MetsaTiheaTaimikko" 9 0 0 0 0.00622710622710622 0.00256410256410256 0.152197802197802 0 0.0423076923076923 0.00256410256410257 0 0 0 0 0 0 0 0 0 0 0 0 0 0 0 0 0 0 0.00320512820512821 0 0 0
"419" 8 "MetsaTiheaTaimikko" 9 0 0.00864197530864197 0.0037037037037037 0.00925925925925927 0 0.00205761316872428 0 0.120781893004115 0.0037037037037037 0 0 0 0 0 0 0 0 0 0 0 0 0 0 0 0 0 0 0 0 0.00185185185185185 0
"420" 30 "MetsaTiheaTaimikko" 9 0 0 0 0 0 0.299999999999999 0 0 0.1 0 0 0 0 0 0 0 0 0 0 0 0 0 0 0 0 0 0 0 0 0 0
"421" 1 "MetsaVart" 9 0.0913996386097779 0.00284056190819999 0.000315276317686938 0.000986655990596849 0.000256936575204635 9.10701978930786e-05 3.30861658526946e-05 4.36011758252578e-05 7.3137456223013e-05 0 0 0 0 0 0 0 0 0 0 0 0 0 0 0 0 0 0 0 0 0 0
"422" 2 "MetsaVart" 9 0.000718565025513885 0.10154171527408 0.000314455478576819 0.00152731182891321 0.000423387928432783 0.000371943912725462 5.06893078908579e-05 8.40375367664224e-05 0.000169112573986751 0 0 0 0 0 0 0 0 2.80125122554741e-05 0 0 0 0 0 0 0 0 0 2.2046884645512e-05 0 0 0
"423" 3 "MetsaVart" 9 0.00024459311368877 0.000908848614072495 0.0924418591325707 0.010958011238701 0.00266656297010441 0.00054726368159204 0 0.000223880597014925 0.00117744610281924 0 0 0 0 0 0 0 0 0 0 0 0 0 0 0 0 0 0 0 0 0 0
"424" 4 "MetsaVart" 9 0.000158646218931782 0.00172378061237726 0.00277682874238058 0.116407561027264 0.00094571814766815 0.00165235493104346 0.000720203470071265 0.00100035254715318 0.000666901698102121 0 0 0 0 0 0 0 0 0 0 0 0 0 0 0 0 0 0 0 0 0 0
"425" 5 "MetsaVart" 9 0 0.00054945054945055 0.00145136648005449 0.00544871794871794 0.169985950487239 0.00902014652014652 0.00123626373626373 0.0110217163788592 0.0108145822431537 0 0 0 0 0 0 0 0 0 0 0 0.000784929356357926 0 0 0 0 0 0 0.00164835164835165 0 0 0
"426" 6 "MetsaVart" 9 0.00390625 0.001953125 0 0.00544084821428571 0.00234375 0.107933407738095 0 0.0089874751984127 0 0 0 0 0 0 0 0 0 0 0 0 0 0 0 0 0 0 0 0.00208333333333333 0 0 0
"427" 7 "MetsaVart" 9 0 0 0 0 0 0 0.0866666666666667 0 0 0 0 0 0 0 0 0 0 0 0 0 0 0 0 0 0 0 0 0 0 0 0
"428" 9 "MetsaVart" 9 0 0 0 0 0 0.149206349206349 0 0 0.116666666666667 0 0 0 0 0 0 0 0 0 0 0 0 0 0 0 0 0 0 0 0 0 0
"429" 11 "MetsaVart" 9 0.00380952380952381 0.0019047619047619 0 0.00190476190476191 0 0 0 0 0 0 0.0612793089553596 0 0 0 0 0 0 0 0 0 0 0 0 0 0 0 0 0 0 0 0
"430" 1 "MetsaHarvaTaimikko" 10 0.0842847483821115 0.00121703853955375 0 0 0.000405679513184586 0.000811359026369168 0 0.000405679513184584 0 0 0 0 0 0 0 0 0 0 0 0 0 0 0 0 0 0 0 0 0 0 0
"431" 2 "MetsaHarvaTaimikko" 10 0.00245261984392419 0.0897887137017572 0 0.00278706800445931 0.00100334448160535 0.000668896321070233 0 0.00285608111695068 0.00137495354886659 0 0 0 0 0 0 0 0 0 0 0 0 0 0 0 0 0 0 0 0 0 0
"432" 3 "MetsaHarvaTaimikko" 10 0 0 0.0958119658119658 0.00717948717948717 0 0 0 0 0 0 0 0 0 0 0 0 0 0 0 0 0 0 0 0 0 0 0 0 0 0 0
"433" 4 "MetsaHarvaTaimikko" 10 0 0.000729927007299271 0.00218978102189781 0.105457073340285 0.00145985401459854 0.00623334491947631 0 0.000729927007299267 0 0 0 0 0 0 0 0 0 0 0 0 0 0 0 0 0 0 0 0 0 0 0
"434" 5 "MetsaHarvaTaimikko" 10 0 0 0 0 0.224242424242424 0 0 0 0 0 0 0 0 0 0 0 0 0 0 0 0 0 0 0 0 0 0 0 0 0 0
"435" 6 "MetsaHarvaTaimikko" 10 0 0.0124444444444444 0 0.00444444444444443 0 0.1 0 0 0 0 0 0 0 0 0 0 0 0 0 0 0 0 0 0 0 0 0 0 0 0 0
"436" 8 "MetsaHarvaTaimikko" 10 0.0101010101010101 0 0.00757575757575759 0.0151515151515152 0.00606060606060606 0.0101010101010101 0.0404040404040404 0.135257335257335 0 0 0 0 0 0 0 0 0 0 0 0 0 0 0 0 0 0 0 0.0173160173160173 0 0.0101010101010101 0
"437" 9 "MetsaHarvaTaimikko" 10 0 0 0 0.111111111111111 0 0 0 0 0.555555555555556 0 0 0 0 0 0 0 0 0 0 0 0 0 0 0 0 0 0 0 0 0 0
"438" 14 "MetsaHarvaTaimikko" 10 0 0 0 0 0 0 0 0 0 0 0 0 0 0.0799999999999999 0 0 0 0 0 0 0 0 0 0 0 0 0 0 0 0 0
"439" 1 "MetsaKeskim" 10 0.0892275142876225 0.00176691059780621 0.000494222934615641 0.00156201798157318 0.000122442618936308 0.000100180324584252 0 0.000125225405730314 7.51352434381887e-05 0 0 0 0 0 0 0 0 2.22622943520559e-05 0 0 0 0 0 0 0 0 0 0 0 0 0
"440" 2 "MetsaKeskim" 10 0.000868712344122179 0.108349379731231 0.000184951660361496 0.00237334614383795 0.000113493064312736 0.0022206209091455 0.000100882723833543 0.000685161832702816 0.000706179066834805 0 0 0 0 0 0 0 0 0 0 0 0 0 0 0 0 0 0 5.04413619167718e-05 0 0 0
"441" 3 "MetsaKeskim" 10 0.000350058343057176 0.00195449241540257 0.0916194365727621 0.00724935637421051 0.00058343057176196 0.00121686947824637 0 0.000116686114352392 0.000116686114352392 0 0 0 0 0 0 0 0 0 0 0 0 0 0 0 0 0 0 0 0 0 0
"442" 4 "MetsaKeskim" 10 0 0.000464232960540199 0.00394558939610638 0.106436397609786 0.000891733683461896 0.00088489523496909 0 0.000830187647026642 0.000510148257563324 0 0 0 0 0 0 0 0 0 0 0 0 0 0 0 0 0 0 0 0 0 0
"443" 5 "MetsaKeskim" 10 0 0 0.00435729847494553 0.00261437908496732 0.121556178026766 0.00156862745098039 0 0.000784313725490196 0.0073202614379085 0 0 0 0 0 0 0 0 0 0 0 0 0 0 0 0 0 0 0 0 0 0
"444" 6 "MetsaKeskim" 10 0.00244755244755245 0.000388500388500389 0 0.00166500166500167 0.00112665112665113 0.117977855477855 0.000349650349650349 0.00467171717171717 0.00144284021530906 0 0 0 0 0 0 0 0 0 0 0 0 0 0 0 0 0 0 0.00135975135975136 0 0 0
"445" 7 "MetsaKeskim" 10 0 0 0 0 0 0.0666666666666666 0.15 0 0 0 0 0 0 0 0 0 0 0 0 0 0 0 0 0 0 0 0 0 0 0 0
"446" 8 "MetsaKeskim" 10 0 0 0 0.00338983050847458 0 0.00338983050847457 0 0.10593220338983 0 0 0 0 0 0 0 0 0 0 0 0 0 0 0 0 0 0 0 0.0135593220338983 0 0 0
"447" 9 "MetsaKeskim" 10 0 0 0 0.00645161290322581 0 0.00460829493087556 0 0.00322580645161291 0.15089605734767 0 0 0 0 0 0 0 0 0 0 0 0 0 0 0 0 0 0 0 0 0 0
"448" 24 "MetsaKeskim" 10 0 0 0 0 0 0 0 0 0 0 0 0 0 0 0 0 0 0 0 0 0 0 0 0 0 0 0 0 0 0 0
"449" 30 "MetsaKeskim" 10 0 0 0 0 0 0 0 0 0 0 0 0 0 0 0 0 0 0 0 0 0 0 0 0 0 0 0 0 0 0.215 0
"450" 1 "MetsaTiheaTaimikko" 10 0.110293329043329 0 0 0.0026061776061776 0 0 0 0.000965250965250966 0 0 0 0 0 0 0 0 0 0 0 0 0 0 0 0 0 0 0 0 0 0 0
"451" 2 "MetsaTiheaTaimikko" 10 0 0.108064516129032 0 0 0 0.0354838709677419 0 0.00322580645161289 0 0 0 0 0 0 0 0 0 0 0 0 0 0 0 0 0 0 0 0 0 0 0
"452" 3 "MetsaTiheaTaimikko" 10 0 0 0.121212121212121 0 0 0 0 0 0 0 0 0 0 0 0 0 0 0 0 0 0 0 0 0 0 0 0 0 0 0 0
"453" 4 "MetsaTiheaTaimikko" 10 0 0 0.00868412330129267 0.0984900379331934 0 0.00139211136890951 0 0.000928074245939674 0.000928074245939675 0 0 0 0 0 0 0 0 0 0 0 0 0 0 0 0 0 0 0 0 0 0
"454" 5 "MetsaTiheaTaimikko" 10 0 0 0 0.0428571428571429 0.0857142857142857 0 0 0.0775510204081632 0.0204081632653061 0 0 0 0 0 0 0 0 0 0 0 0 0 0 0 0 0 0 0 0 0 0
"455" 6 "MetsaTiheaTaimikko" 10 0 0 0 0.0129032258064516 0 0.131182795698925 0 0.0129032258064516 0 0 0 0 0 0 0 0 0 0 0 0 0 0 0 0 0 0 0 0 0 0 0
"456" 8 "MetsaTiheaTaimikko" 10 0 0.00363636363636363 0 0.00404040404040405 0 0.0122222222222222 0 0.114343434343434 0.00363636363636365 0 0 0 0 0 0 0 0 0 0 0 0 0 0 0 0 0 0 0 0 0 0
"457" 1 "MetsaVart" 10 0.0930529036424292 0.00154678857569591 0.000419011522643462 0.00104643821737836 7.06014540382022e-05 0.000127836369447108 0 3.7536858481521e-05 5.54761603261033e-05 0 0 0 0 0 0 0 0 0 0 0 0 0 0 0 0 0 0 0 0 0 0
"458" 2 "MetsaVart" 10 0.000448796056701282 0.0991116640587996 0.000286541410913584 0.000547049633979393 0.000157111672805547 0.000481423219266048 0 0.000124793322932985 7.86539908351002e-05 0 0 0 0 0 0 0 0 0 0 0 0 0 0 0 0 0 0 0 0 0 0
"459" 3 "MetsaVart" 10 0.000861002334395704 0.000865139443960621 0.09751123303422 0.00872154706790123 0.00028575197327159 0.000270061728395062 0 0.000327932098765432 0.000356867283950617 0 0 0 0 0 0 0 0 0 0 0 0 0 0 0 0 0 0 0 0 0 0
"460" 4 "MetsaVart" 10 0.000142902508732931 0.00100031756113052 0.00394531453108248 0.116995332266252 0.000499276666313821 0.00116514690982776 0.000211707420345083 0.00102577285810058 0.000476341695776437 0 0 0 0 0 0 0 0 0 0 0 0 0 0 0 0 0 0 0 0 0 0
"461" 5 "MetsaVart" 10 0 0.00149812734082397 0.000936329588014981 0.000749063670411983 0.117599501275989 0.00786516853932584 0 0.00149812734082397 0.00245865269886068 0 0 0 0 0 0 0 0 0 0 0 0 0 0 0 0 0 0 0 0 0 0
"462" 6 "MetsaVart" 10 0 0 0 0.00458715596330276 0.00550458715596329 0.104354157565167 0 0 0 0 0 0 0 0 0 0 0 0 0 0 0 0 0 0 0 0 0 0 0 0 0
"463" 7 "MetsaVart" 10 0 0 0 0 0 0.0170212765957447 0.167966903073286 0.00851063829787234 0 0 0 0 0 0 0 0 0 0 0 0 0 0 0 0 0 0 0 0 0 0 0
"464" 8 "MetsaVart" 10 0 0 0 0 0 0 0 0.2 0 0 0 0 0 0 0 0 0 0 0 0 0 0 0 0 0 0 0 0 0 0 0
"465" 9 "MetsaVart" 10 0 0 0 0 0 0 0 0 0.0612904514296473 0 0 0 0 0 0 0 0 0 0 0 0 0 0 0 0 0 0 0 0 0 0
"466" 11 "MetsaVart" 10 0 0 0 0 0 0 0 0 0 0 0.072 0 0 0 0 0 0 0 0 0 0 0 0 0 0 0 0 0 0 0 0
"467" 14 "MetsaVart" 10 0 0.00921658986175114 0 0 0 0 0 0 0 0 0 0 0 0.148837975609514 0 0 0 0 0 0 0 0 0 0 0 0 0 0 0 0 0
"468" 1 "MetsaHarvaTaimikko" 11 0.101576576576577 0.00671580671580672 0 0.000778050778050777 0 0.00110565110565111 0 0 0.000737100737100736 0 0 0 0 0 0 0 0 0 0 0 0 0 0 0 0 0 0 0 0 0 0
"469" 2 "MetsaHarvaTaimikko" 11 0.00601415094339622 0.0998034591194969 0 0.00369496855345912 0.000707547169811319 0 0 0 0.0035377358490566 0 0 0 0 0 0 0 0 0 0 0 0 0 0 0 0 0 0 0.000707547169811319 0 0 0
"470" 3 "MetsaHarvaTaimikko" 11 0 0 0.25 0 0 0 0 0 0 0 0 0 0 0 0 0 0 0 0 0 0 0 0 0 0 0 0 0 0 0 0
"471" 4 "MetsaHarvaTaimikko" 11 0 0.0035031847133758 0.00573248407643312 0.131831968456172 0 0 0 0 0 0 0 0 0 0 0 0 0 0 0 0 0 0 0 0 0 0 0 0 0 0 0
"472" 6 "MetsaHarvaTaimikko" 11 0 0 0 0 0 0.0899999999999999 0 0 0 0 0 0 0 0 0 0 0 0 0 0 0 0 0 0 0 0 0 0 0 0 0
"473" 8 "MetsaHarvaTaimikko" 11 0 0.0375 0 0.0375 0 0 0 0.348214285714286 0 0 0 0 0 0 0 0 0 0 0 0 0 0 0 0 0 0 0 0 0 0 0
"474" 14 "MetsaHarvaTaimikko" 11 0 0 0 0 0 0 0 0 0 0 0 0 0 0.075 0 0 0 0 0 0 0 0 0 0 0 0 0 0 0 0 0
"475" 16 "MetsaHarvaTaimikko" 11 0 0 0 0 0 0 0 0 0 0 0 0 0 0 0 0.075 0 0 0 0 0 0 0 0 0 0 0 0 0 0 0
"476" 28 "MetsaHarvaTaimikko" 11 0 0 0 0 0 0 0 0 0 0 0 0 0 0 0 0 0 0 0 0 0 0 0 0 0 0 0 0 0 0 0
"477" 1 "MetsaKeskim" 11 0.0936922889541834 0.00226377009511488 0.000217422554445483 0.00179260232807275 5.66017393804356e-05 5.63022592778936e-05 0 1.34766046143894e-05 2.15625673830231e-05 0 0 0 0 0 0 0 0 0 0 0 0 0 0 0 0 0 0 0 0 0 0
"478" 2 "MetsaKeskim" 11 0.00187134502923977 0.119567391724244 0.000382775119617225 0.00240088858509911 0.000370813397129186 0.00056087187666135 0 0.000292397660818714 0.000535429482797904 0 0 0 0 0 0 0 0 0 0 0 0 0 0 0 0 0 0 0 0 0 0
"479" 3 "MetsaKeskim" 11 0.000451807228915662 0 0.120164586919105 0.00817018072289156 0.00267319277108434 0.000451807228915663 0 0 0.000903614457831327 0 0 0 0 0 0 0 0 0 0 0 0 0 0 0 0 0 0 0 0 0 0
"480" 4 "MetsaKeskim" 11 0.000132155165712213 0.000746287994610142 0.00262963821254151 0.122916662359259 0.000859656396569148 0.000544168329403229 0 0.000227492593264405 0.00101016644640806 0 0 0 0 0 0 0 0 0 0 0 0 0 0 0 0 0 0 9.06947215672048e-05 0 0 0
"481" 5 "MetsaKeskim" 11 0 0 0.00111111111111111 0 0.092716049382716 0 0 0.00111111111111111 0.00666666666666666 0 0 0 0 0 0 0 0 0 0 0 0 0 0 0 0 0 0 0 0 0 0
"482" 6 "MetsaKeskim" 11 0 0 0 0.00223880597014925 0 0.152385601869204 0 0.00279850746268656 0.0135572139303483 0 0 0 0 0 0 0 0 0 0 0 0 0 0 0 0 0 0 0 0 0 0
"483" 7 "MetsaKeskim" 11 0 0 0 0.075 0.0750000000000002 0 0 0.225 0 0 0 0 0 0 0 0 0 0 0 0 0 0 0 0 0 0 0 0 0 0 0
"484" 8 "MetsaKeskim" 11 0 0 0 0 0.106263608651473 0 0 0.15 0.075 0 0 0 0 0 0 0 0 0 0 0 0 0 0 0 0 0 0 0 0 0 0
"485" 9 "MetsaKeskim" 11 0 0 0 0.00555555555555556 0.00555555555555556 0 0 0 0.223809523809524 0 0 0 0 0 0 0 0 0 0 0 0 0 0 0 0 0 0 0 0 0 0
"486" 11 "MetsaKeskim" 11 0 0.00669642857142858 0 0 0 0 0 0 0 0 0.101116071428571 0 0 0 0 0 0 0 0 0 0 0 0 0 0 0 0 0 0 0 0
"487" 14 "MetsaKeskim" 11 0.001875 0 0 0 0 0 0 0 0 0 0 0 0 0.07875 0 0 0 0 0 0 0 0 0 0 0 0 0 0 0 0 0
"488" 1 "MetsaTiheaTaimikko" 11 0.0999683544303797 0.00320072332730561 0 0.00493670886075949 0 0 0 0 0 0 0 0 0 0 0 0 0 0 0 0 0 0 0 0 0 0 0 0 0 0.000379746835443038 0
"489" 2 "MetsaTiheaTaimikko" 11 0 0.0933333333333333 0 0 0 0 0 0 0 0 0 0 0 0 0 0 0 0 0 0 0 0 0 0 0 0 0 0 0 0 0
"490" 3 "MetsaTiheaTaimikko" 11 0 0 0.0843749999999999 0 0 0 0 0.1875 0 0 0 0 0 0 0 0 0 0 0 0 0 0 0 0 0 0 0 0 0 0 0
"491" 4 "MetsaTiheaTaimikko" 11 0.00287698412698412 0.00478316326530611 0.00535714285714286 0.0942318594104308 0.00446428571428571 0.00558035714285714 0 0 0.00267857142857143 0 0 0 0 0 0 0 0 0 0 0 0 0 0 0 0 0 0 0 0 0 0
"492" 5 "MetsaTiheaTaimikko" 11 0 0 0 0.0260869565217391 0.104347826086956 0 0 0 0 0 0 0 0 0 0 0 0 0 0 0 0 0 0 0 0 0 0 0 0 0 0
"493" 8 "MetsaTiheaTaimikko" 11 0 0 0 0 0 0 0 0.15 0 0 0 0 0 0 0 0 0 0 0 0 0 0 0 0 0 0 0 0 0 0 0
"494" 18 "MetsaTiheaTaimikko" 11 0 0 0 0 0 0 0 0 0 0 0 0 0 0 0 0 0 0.3 0 0 0 0 0 0 0 0 0 0 0 0 0
"495" 1 "MetsaVart" 11 0.0950714920161253 0.00124826008171642 0.000164670224228004 0.00101640453238627 0.00016038402615372 8.15394651011089e-06 0 0 7.45209467231216e-05 0 0 0 0 0 0 0 0 0 0 0 0 0 0 0 0 0 0 0 0 0 0
"496" 2 "MetsaVart" 11 0.00062821462949639 0.112022035114072 9.7876379167161e-05 0.00160346097139495 0.000257775531498484 0.00017894570332582 0 1.97730058923558e-05 0.000227751869220553 0 0 0 0 0 0 0 0 0 0 0 0 0 0 0 0 0 0 1.97730058923557e-05 0 0 0
"497" 3 "MetsaVart" 11 0 0 0.100401397518631 0.00842797369994022 0.00201733413030484 0 0 0 0.00115436341900777 0 0 0 0 0 0 0 0 0 0 0 0 0 0 0 0 0 0 0 0 0 0
"498" 4 "MetsaVart" 11 0.000147289866457188 0.000191476826394344 0.00276633591157243 0.11823065984891 0.00072172034564022 0.000584249803613511 0 0.002356637863315 0.000662804399057345 0 0 0 0 0 0 0 0 0 0 0 0 0 0 0 0 0 0 0 0 0 0
"499" 5 "MetsaVart" 11 0.00102598885182113 0 0.0013215859030837 0.00066079295154185 0.149569826483385 0.00325676526117055 0 0 0.0236181036291169 0 0 0 0 0 0 0 0 0 0 0 0 0 0 0 0 0 0 0 0 0 0
"500" 6 "MetsaVart" 11 0 0 0 0 0 0.145238095238095 0 0 0.0166666666666666 0 0 0 0 0 0 0 0 0 0 0 0 0 0 0 0 0 0 0 0 0 0
"501" 9 "MetsaVart" 11 0 0 0 0 0 0 0 0 0.228571428571428 0 0 0 0 0 0 0 0 0 0 0 0 0 0 0 0 0 0 0 0 0 0
"502" 1 "MetsaHarvaTaimikko" 12 0.088350517864954 0.000370010363577596 0 0.000740020727155191 0.000185005181788798 0 0 0 0.000185005181788798 0 0 0 0 0 0 0 0 0 0 0 0 0 0 0 0 0 0 0 0 0 0
"503" 2 "MetsaHarvaTaimikko" 12 0 0.0741230495723365 0.0084161192116648 0.00391349543342413 0.00100993430539978 0.000504967152699888 0 0.000504967152699888 0 0 0 0 0 0 0 0 0 0 0 0 0 0 0 0 0 0 0 0 0 0 0
"504" 3 "MetsaHarvaTaimikko" 12 0 0 0.197569089736007 0 0 0 0 0 0 0 0 0 0 0 0 0 0 0 0 0 0 0 0 0 0 0 0 0 0 0 0
"505" 4 "MetsaHarvaTaimikko" 12 0.00521992246390278 0.00176172383156719 0.00156597673917083 0.0921293658657272 0 0.00111855481369346 0 0 0 0 0 0 0 0 0 0 0 0 0 0 0 0 0 0 0 0 0 0 0 0 0
"506" 5 "MetsaHarvaTaimikko" 12 0 0 0 0 0 0 0 0 0 0 0 0 0 0 0 0 0 0 0 0 0 0 0 0 0 0 0 0 0 0 0
"507" 6 "MetsaHarvaTaimikko" 12 0 0 0 0.0375 0.15 0.1875 0 0 0 0 0 0 0 0 0 0 0 0 0 0 0 0 0 0 0 0 0 0 0 0 0
"508" 8 "MetsaHarvaTaimikko" 12 0 0 0 0.075 0 0 0 0.524999999999999 0 0 0 0 0 0 0 0 0 0 0 0 0 0 0 0 0 0 0 0 0 0 0
"509" 11 "MetsaHarvaTaimikko" 12 0 0 0 0 0 0 0 0 0 0 0.13125 0 0 0 0 0 0 0 0 0 0 0 0 0 0 0 0 0 0 0 0
"510" 1 "MetsaKeskim" 12 0.0898219023850527 0.00215139336221826 0.000146112061519789 0.0024278288904271 0.00018046807884802 9.98967273082389e-05 0 0 2.18098118099859e-05 0 0 0 0 0 0 0 0 1.16838277553496e-05 0 0 0 0 0 0 0 0 0 0 0 0 0
"511" 2 "MetsaKeskim" 12 0.00139917428278423 0.123202542443134 0 0.00540430964189255 0.000597980162872669 0.000607460258415831 0 0.000178316279298856 0.000379983499934467 0 0 0 0 0 0 0 0 7.4298449707857e-05 0 0 0 0 0 0 0 0 0 0 0 0 0
"512" 3 "MetsaKeskim" 12 0 0 0.10584007516214 0.0114512229401752 0 0 0 0 0.00148647596946392 0 0 0 0 0 0 0 0 0 0 0 0 0 0 0 0 0 0 0 0 0 0
"513" 4 "MetsaKeskim" 12 0.000380687558957418 0.000479370995271511 0.00156159933031237 0.115116870053221 0.000744052468371175 0.00107862899912266 3.27196204958765e-05 5.68288145454697e-05 0.000535630759835494 0 0 0 0 0 0 0 0 0 0 0 3.09975352066198e-05 0 0 0 0 0 0 0 0 0 0
"514" 5 "MetsaKeskim" 12 0 0 0 0 0.105237060840914 0.00402769558684718 0 0 0.00371787284939739 0 0 0 0 0 0 0 0 0 0 0 0 0 0 0 0 0 0 0 0 0 0
"515" 6 "MetsaKeskim" 12 0.00105017847035832 0.0013127230879479 0 0 0 0.154754025031558 0 0 0.0042007138814333 0 0 0 0 0 0 0 0 0 0 0 0 0 0 0 0 0 0 0.00105017847035832 0 0 0
"516" 8 "MetsaKeskim" 12 0 0 0 0 0.025 0.05 0 0.125 0.175 0 0 0 0 0 0 0 0 0 0 0 0 0 0 0 0 0 0 0.0833333333333334 0 0 0
"517" 9 "MetsaKeskim" 12 0 0.00694444444444445 0 0.0208333333333333 0.0217187837216143 0.0178571428571429 0 0.0178571428571429 0.180803571428572 0 0 0 0 0 0 0 0 0 0 0 0 0 0 0 0 0 0 0 0 0 0
"518" 11 "MetsaKeskim" 12 0.0230769230769231 0.0115384615384615 0 0 0 0 0 0 0 0 0.0576923076923077 0 0 0 0 0 0 0 0 0 0 0 0 0 0 0 0 0 0 0 0
"519" 14 "MetsaKeskim" 12 0 0 0 0 0 0 0 0 0 0 0 0 0 0.05 0 0 0 0 0 0 0 0 0 0 0 0 0 0 0 0 0
"520" 28 "MetsaKeskim" 12 0 0 0 0 0 0 0.0286505209185622 0.0231747395407189 0 0 0 0 0 0 0 0 0 0 0 0 0 0 0 0 0 0 0 0.253650520918562 0 0 0
"521" 1 "MetsaTiheaTaimikko" 12 0.0953546584677748 0.0011135222999933 0.000278380574998324 0.000835141724994972 0.000278380574998324 0 0 0 0 0 0 0 0 0 0 0 0 0 0 0 0 0 0 0 0 0 0 0 0 0 0
"522" 2 "MetsaTiheaTaimikko" 12 0 0.112927039815955 0 0.0140769840172295 0 0 0 0 0 0 0 0 0 0 0 0 0 0 0 0 0 0 0 0 0 0 0 0 0 0 0
"523" 3 "MetsaTiheaTaimikko" 12 0 0 0.075 0 0 0 0 0 0 0 0 0 0 0 0 0 0 0 0 0 0 0 0 0 0 0 0 0 0 0 0
"524" 4 "MetsaTiheaTaimikko" 12 0.000428190054971777 0.0028902828710595 0.000856380109943553 0.0922086844854585 0.00128457016491533 0.00181980773363005 0 0.000428190054971777 0 0 0 0 0 0 0 0 0 0 0 0 0 0 0 0 0 0 0 0 0 0 0
"525" 5 "MetsaTiheaTaimikko" 12 0 0 0 0.075 0.225 0 0 0 0 0 0 0 0 0 0 0 0 0 0 0 0 0 0 0 0 0 0 0 0 0 0
"526" 6 "MetsaTiheaTaimikko" 12 0 0 0 0 0 0.138461538461538 0 0 0 0 0 0 0 0 0 0 0 0 0 0 0 0 0 0 0 0 0 0 0 0 0
"527" 8 "MetsaTiheaTaimikko" 12 0 0 0 0 0 0 0 0.0792534109898566 0 0 0 0 0 0 0 0 0 0 0 0 0 0 0 0 0 0 0 0 0 0 0
"528" 9 "MetsaTiheaTaimikko" 12 0 0 0 0 0 0 0 0 0.135 0 0 0 0 0 0 0 0 0 0 0 0 0 0 0 0 0 0 0 0 0 0
"529" 1 "MetsaVart" 12 0.093247354354309 0.002628729314938 0.000313339841995431 0.00167259167315625 0.000414820391659168 7.01986120404802e-05 0 2.49170413701198e-05 0.000100803192611104 0 0 0 0 0 0 0 0 0 0 0 0 0 0 0 0 0 0 0 0 0 0
"530" 2 "MetsaVart" 12 0.000758328279547749 0.108701075513265 0.000132067825768052 0.00217461585008275 0.000510980838862119 0.000280846274388388 3.01869316041262e-05 1.50934658020631e-05 0.000316135375390967 0 0 0 0 0 0 0 0 0 0 0 0 0 0 0 0 0 0 0 0 0 0
"531" 3 "MetsaVart" 12 0 0 0.104859282459317 0.0096533709900176 0.00382416095846017 0.00167889993298251 0 0.000419724983245628 0 0 0 0 0 0 0 0 0 0 0 0 0 0 0 0 0 0 0 0 0 0 0
"532" 4 "MetsaVart" 12 0.000367945731969584 0.000850346385194098 0.00165974518904439 0.107829354114005 0.00117345592384433 0.000206556273550035 3.52657052402499e-05 0.000109715527414111 0.00039184116933611 0 0 0 0 0 0 0 0 0 0 0 0 0 0 0 0 0 0 9.40418806406665e-05 0 0 0
"533" 5 "MetsaVart" 12 0 0.0058914652245787 0 0.00865601494435698 0.139926389193693 0.00192988857033327 0 0.000315799947872717 0.0128092802797437 0 0 0 0 0 0 0 0 0 0 0 0 0 0 0 0 0 0 0 0 0 0
"534" 6 "MetsaVart" 12 0 0 0 0 0.0119047619047619 0.1 0 0 0.0535714285714286 0 0 0 0 0 0 0 0 0 0 0 0 0 0 0 0 0 0 0 0 0 0
"535" 9 "MetsaVart" 12 0 0 0 0 0 0 0 0 0.18 0 0 0 0 0 0 0 0 0 0 0 0 0 0 0 0 0 0 0 0 0 0
"536" 1 "MetsaHarvaTaimikko" 13 0.0949029041019451 0.00144605574654921 0 0.00314427747487481 0 0 0 0 0.000206579392364173 0 0 0 0 0 0 0 0 0 0 0 0 0 0 0 0 0 0 0 0 0 0
"537" 2 "MetsaHarvaTaimikko" 13 0.00406586021505376 0.0968413978494623 0 0.00725806451612903 0 0 0 0 0.00120967741935484 0 0 0 0 0 0 0 0 0 0 0 0 0 0 0 0 0 0 0 0 0 0
"538" 3 "MetsaHarvaTaimikko" 13 0 0 0.15 0 0 0 0 0 0 0 0 0 0 0 0 0 0 0 0 0 0 0 0 0 0 0 0 0 0 0 0
"539" 4 "MetsaHarvaTaimikko" 13 0.00274479262594207 0.00704589783060545 0.000845507739672654 0.137972817956105 0.000845507739672655 0 0 0 0.00169101547934531 0 0 0 0 0 0 0 0 0 0 0 0 0 0 0 0 0 0 0 0 0 0
"540" 5 "MetsaHarvaTaimikko" 13 0 0 0 0 0 0 0 0 0 0 0 0 0 0 0 0 0 0 0 0 0 0 0 0 0 0 0 0 0 0 0
"541" 6 "MetsaHarvaTaimikko" 13 0 0 0 0.0499999999999998 0 0 0.15 0 0 0 0 0 0 0 0 0 0 0 0 0 0 0 0 0 0 0 0 0 0 0 0
"542" 14 "MetsaHarvaTaimikko" 13 0 0 0 0 0 0 0 0 0 0 0 0 0 0 0 0 0 0 0 0 0 0 0 0 0 0 0 0 0 0 0
"543" 1 "MetsaKeskim" 13 0.091135667927728 0.00322982460822936 0.000104973540340504 0.00204815468951943 6.42962934585584e-05 3.21481467292793e-05 0 0 6.76131657401507e-05 0 0 0 0 0 0 0 0 0 0 0 0 0 0 0 0 0 0 0 0 0 0
"544" 2 "MetsaKeskim" 13 0.00162998812203759 0.126954191202138 5.70812961024837e-05 0.00475469735461531 0.000342487776614902 0 0 0 0.000580326510375251 0 0 0 0 0 0 0 0 0 0 0 0 0 0 0 0 0 0 0 0 0 0
"545" 3 "MetsaKeskim" 13 0 0 0.0916816001700629 0.0168216713339155 0 0 0 0 0 0 0 0 0 0 0 0 0 0 0 0 0 0 0 0 0 0 0 0 0 0 0
"546" 4 "MetsaKeskim" 13 0.000540837323700187 0.00058507024154853 0.000675531681798408 0.117292022906331 0.000385466839238052 0.000125644207043466 0 0 0.000677694250939205 0 0 0 0 0 0 0 0 0 0 0 0 0 0 0 0 0 0 0 0 2.05599611525672e-05 0
"547" 5 "MetsaKeskim" 13 0 0 0 0 0.129333333333333 0 0 0.002 0.002 0 0 0 0 0 0 0 0 0 0 0 0 0 0 0 0 0 0 0 0 0 0
"548" 6 "MetsaKeskim" 13 0 0.00346968234226227 0 0 0 0.245539165318567 0 0.00346968234226227 0.00346968234226226 0 0 0 0 0 0 0 0 0 0 0 0 0 0 0 0 0 0 0 0 0 0
"549" 8 "MetsaKeskim" 13 0 0 0 0 0 0 0 0.1 0 0 0 0 0 0 0 0 0 0 0 0 0 0 0 0 0 0 0 0 0 0 0
"550" 9 "MetsaKeskim" 13 0 0 0 0 0 0 0 0 0.313636363636363 0 0 0 0 0 0 0 0 0 0 0 0 0 0 0 0 0 0 0 0 0 0
"551" 14 "MetsaKeskim" 13 0 0 0 0 0 0 0 0 0 0 0 0 0 0.1125 0 0 0 0 0 0 0 0 0 0 0 0 0 0 0 0 0
"552" 30 "MetsaKeskim" 13 0.05 0 0 0.075 0.05 0 0 0 0 0 0 0 0 0 0 0 0 0 0 0 0 0 0 0 0 0 0 0 0 0 0
"553" 1 "MetsaTiheaTaimikko" 13 0.103975484435413 0.00650182306069837 0 0.00311911781965935 0 0 0 0 0 0 0 0 0 0 0 0 0 0 0 0 0 0 0 0 0 0 0 0 0 0 0
"554" 2 "MetsaTiheaTaimikko" 13 0 0.134285714285714 0 0.00428571428571429 0 0 0 0 0 0 0 0 0 0 0 0 0 0 0 0 0 0 0 0 0 0 0 0 0 0 0
"555" 4 "MetsaTiheaTaimikko" 13 0.00221575212758783 0.00136353977082328 0.000511327414058729 0.134917791754453 0 0 0 0 0.000511327414058728 0 0 0 0 0 0 0 0 0 0 0 0 0 0 0 0 0 0 0 0 0 0
"556" 5 "MetsaTiheaTaimikko" 13 0 0 0 0 0.1 0 0 0 0 0 0 0 0 0 0 0 0 0 0 0 0 0 0 0 0 0 0 0 0 0 0
"557" 6 "MetsaTiheaTaimikko" 13 0 0 0 0 0 0.075 0 0 0 0 0 0 0 0 0 0 0 0 0 0 0 0 0 0 0 0 0 0 0 0 0
"558" 1 "MetsaVart" 13 0.0921784946722626 0.00178727897651969 0.000336565972790455 0.00170281249280598 8.42187974608784e-05 0 0 0 0.000126465600374988 0 5.07166694535266e-06 0 0 0 0 0 0 0 0 0 0 0 0 0 0 0 0 0 0 0 0
"559" 2 "MetsaVart" 13 0.00124512116265989 0.102513195277571 6.76653022197396e-05 0.00169787529997039 0.000254495087175526 4.68452092290505e-05 0 0 0.000525026944687475 0 0 0 0 0 0 0 0 0 0 0 0 0 0 0 0 0 0 0 0 0 0
"560" 3 "MetsaVart" 13 0 0 0.100664690002111 0.0142181490794254 0 0 0 0 0.00115002958181258 0 0 0 0 0 0 0 0 0 0 0 0 0 0 0 0 0 0 0 0 0 0
"561" 4 "MetsaVart" 13 0.000701504577734085 0.000154156173662388 0.00173526937850824 0.112608006794666 0.000497069448211112 0.000242795973518261 0 0.000173552774948864 0.000570377842550835 0 0 0 0 0 0 0 0 0 0 0 0 0 0 0 0 0 0 0 0 0 0
"562" 5 "MetsaVart" 13 0 0 0 0.0231827982474868 0.0971595359675326 0 0 0 0.00998405601937068 0 0 0 0 0 0 0 0 0 0 0 0 0 0 0 0 0 0 0 0 0 0
"563" 9 "MetsaVart" 13 0 0 0 0.0428571428571428 0 0 0 0 0.23549021098738 0 0 0 0 0 0 0 0 0 0 0 0 0 0 0 0 0 0 0 0 0 0
"564" 11 "MetsaVart" 13 0 0 0 0 0 0 0 0 0 0 0.0769230769230769 0 0 0 0 0 0 0 0 0 0 0 0 0 0 0 0 0 0 0 0
